Interaction,Value,Time
study begins,page loaded,1604541259151
mouseover a related chart,"mark:bar;encoding:-quantitative-x<aggregate>count,Aircraft_Make_Model-nominal-y",1604541260111
mouseout a related chart,"mark:bar;encoding:-quantitative-x<aggregate>count,Aircraft_Make_Model-nominal-y",1604541260290
mouseover a related chart,"mark:bar;encoding:-quantitative-x<aggregate>count,Effect_Amount_of_damage-nominal-y",1604541260291
mouseout a related chart,"mark:bar;encoding:-quantitative-x<aggregate>count,Effect_Amount_of_damage-nominal-y",1604541260696
mouseover a related chart,"mark:bar;encoding:-quantitative-x<aggregate>count,Effect_Amount_of_damage-nominal-y",1604541260696
mouseout a related chart,"mark:bar;encoding:-quantitative-x<aggregate>count,Effect_Amount_of_damage-nominal-y",1604541260728
mouseover a related chart,"mark:bar;encoding:-quantitative-x<aggregate>count,Airport_Name-nominal-y",1604541403819
mouseout a related chart,"mark:bar;encoding:-quantitative-x<aggregate>count,Airport_Name-nominal-y",1604541404353
mouseover a related chart,"mark:bar;encoding:-quantitative-x<aggregate>count,Airport_Name-nominal-y",1604541404353
mouseout a related chart,"mark:bar;encoding:-quantitative-x<aggregate>count,Airport_Name-nominal-y",1604541404384
mouseover a related chart,"mark:bar;encoding:-quantitative-x<aggregate>count,Airport_Name-nominal-y",1604541404867
mouseout a related chart,"mark:bar;encoding:-quantitative-x<aggregate>count,Airport_Name-nominal-y",1604541404898
mouseover a related chart,"mark:bar;encoding:-quantitative-x<aggregate>count,Aircraft_Make_Model-nominal-y",1604541404929
mouseout a related chart,"mark:bar;encoding:-quantitative-x<aggregate>count,Aircraft_Make_Model-nominal-y",1604541406027
mouseover a related chart,"mark:bar;encoding:-quantitative-x<aggregate>count,Aircraft_Make_Model-nominal-y",1604541406027
mouseout a related chart,"mark:bar;encoding:-quantitative-x<aggregate>count,Aircraft_Make_Model-nominal-y",1604541406058
mouseover a related chart,"mark:bar;encoding:-quantitative-x<aggregate>count,Aircraft_Make_Model-nominal-y",1604541406870
mouseout a related chart,"mark:bar;encoding:-quantitative-x<aggregate>count,Aircraft_Make_Model-nominal-y",1604541406900
mouseover a related chart,"mark:bar;encoding:-quantitative-x<aggregate>count,Aircraft_Make_Model-nominal-y",1604541406900
mouseout a related chart,"mark:bar;encoding:-quantitative-x<aggregate>count,Aircraft_Make_Model-nominal-y",1604541407075
mouseover a related chart,"mark:bar;encoding:-quantitative-x<aggregate>count,Aircraft_Make_Model-nominal-y",1604541407075
mouseout a related chart,"mark:bar;encoding:-quantitative-x<aggregate>count,Aircraft_Make_Model-nominal-y",1604541407267
mouseover a related chart,"mark:bar;encoding:-quantitative-x<aggregate>count,Aircraft_Make_Model-nominal-y",1604541407267
mouseout a related chart,"mark:bar;encoding:-quantitative-x<aggregate>count,Aircraft_Make_Model-nominal-y",1604541407821
mouseover a related chart,"mark:bar;encoding:-quantitative-x<aggregate>count,Aircraft_Make_Model-nominal-y",1604541407821
mouseout a related chart,"mark:bar;encoding:-quantitative-x<aggregate>count,Aircraft_Make_Model-nominal-y",1604541407851
mouseover a related chart,"mark:bar;encoding:-quantitative-x<aggregate>count,Airport_Name-nominal-y",1604541407852
mouseout a related chart,"mark:bar;encoding:-quantitative-x<aggregate>count,Airport_Name-nominal-y",1604541407882
mouseover a related chart,"mark:bar;encoding:-quantitative-x<aggregate>count,Airport_Name-nominal-y",1604541407883
mouseout a related chart,"mark:bar;encoding:-quantitative-x<aggregate>count,Airport_Name-nominal-y",1604541408681
mouseover a related chart,"mark:bar;encoding:-quantitative-x<aggregate>count,Airport_Name-nominal-y",1604541408682
mouseout a related chart,"mark:bar;encoding:-quantitative-x<aggregate>count,Airport_Name-nominal-y",1604541408713
clicked on a field,remove undefined,1604541411836
clicked on a field,add Wildlife_Size,1604541413375
main chart changed because of clicking a field,"mark:bar;encoding:-quantitative-x<aggregate>count,Wildlife_Size-nominal-y",1604541413391
clicked on a field,add Effect_Amount_of_damage,1604541418989
main chart changed because of clicking a field,"mark:point;encoding:-quantitative-size<aggregate>count,Effect_Amount_of_damage-nominal-x,Wildlife_Size-nominal-y",1604541419003
mouseover on the specified chart,"mark:point;encoding:-quantitative-size<aggregate>count,Effect_Amount_of_damage-nominal-x,Wildlife_Size-nominal-y",1604541419907
mouseout on the specified chart,"mark:point;encoding:-quantitative-size<aggregate>count,Effect_Amount_of_damage-nominal-x,Wildlife_Size-nominal-y",1604541419970
mouseover on the specified chart,"mark:point;encoding:-quantitative-size<aggregate>count,Effect_Amount_of_damage-nominal-x,Wildlife_Size-nominal-y",1604541421158
mouseout on the specified chart,"mark:point;encoding:-quantitative-size<aggregate>count,Effect_Amount_of_damage-nominal-x,Wildlife_Size-nominal-y",1604541425043
mouseover on the specified chart,"mark:point;encoding:-quantitative-size<aggregate>count,Effect_Amount_of_damage-nominal-x,Wildlife_Size-nominal-y",1604541425044
mouseout on the specified chart,"mark:point;encoding:-quantitative-size<aggregate>count,Effect_Amount_of_damage-nominal-x,Wildlife_Size-nominal-y",1604541425137
added chart to bookmark,"mark:point;encoding:-quantitative-size<aggregate>count,Effect_Amount_of_damage-nominal-x,Wildlife_Size-nominal-y",1604541425796
typed in answer,1,1604541430492
typed in answer,1),1604541430846
typed in answer,1) ,1604541431117
typed in answer,1) T,1604541431718
typed in answer,1) Tr,1604541432016
typed in answer,1) Try,1604541432200
typed in answer,1) Tryi,1604541432303
typed in answer,1) Tryin,1604541432394
typed in answer,1) Trying,1604541432546
typed in answer,1) Trying ,1604541432586
typed in answer,1) Trying t,1604541432766
typed in answer,1) Trying to,1604541432829
typed in answer,1) Trying to ,1604541433339
typed in answer,1) Trying to f,1604541433816
typed in answer,1) Trying to fi,1604541433925
typed in answer,1) Trying to fin,1604541433996
typed in answer,1) Trying to find,1604541434208
typed in answer,1) Trying to find ,1604541434358
typed in answer,1) Trying to find o,1604541434671
typed in answer,1) Trying to find ou,1604541434820
typed in answer,1) Trying to find out,1604541434985
typed in answer,1) Trying to find out ,1604541435105
typed in answer,1) Trying to find out w,1604541435390
typed in answer,1) Trying to find out wh,1604541435450
typed in answer,1) Trying to find out whi,1604541435645
typed in answer,1) Trying to find out whic,1604541436111
typed in answer,1) Trying to find out which,1604541436245
typed in answer,1) Trying to find out which ,1604541436516
typed in answer,1) Trying to find out which w,1604541437835
typed in answer,1) Trying to find out which wi,1604541437990
typed in answer,1) Trying to find out which wil,1604541438214
typed in answer,1) Trying to find out which wild,1604541439006
typed in answer,1) Trying to find out which wildl,1604541439263
typed in answer,1) Trying to find out which wildli,1604541439458
typed in answer,1) Trying to find out which wildlif,1604541439532
typed in answer,1) Trying to find out which wildlife,1604541439685
typed in answer,1) Trying to find out which wildlife ,1604541439833
typed in answer,1) Trying to find out which wildlife h,1604541440118
typed in answer,1) Trying to find out which wildlife ha,1604541440283
typed in answer,1) Trying to find out which wildlife has,1604541440358
typed in answer,1) Trying to find out which wildlife ha,1604541441046
typed in answer,1) Trying to find out which wildlife h,1604541441228
typed in answer,1) Trying to find out which wildlife ,1604541441333
typed in answer,1) Trying to find out which wildlife c,1604541441453
typed in answer,1) Trying to find out which wildlife ca,1604541441694
typed in answer,1) Trying to find out which wildlife cau,1604541442278
typed in answer,1) Trying to find out which wildlife caus,1604541442398
typed in answer,1) Trying to find out which wildlife cause,1604541442550
typed in answer,1) Trying to find out which wildlife causes,1604541442743
typed in answer,1) Trying to find out which wildlife causes ,1604541442878
typed in answer,1) Trying to find out which wildlife causes t,1604541443026
typed in answer,1) Trying to find out which wildlife causes th,1604541443118
typed in answer,1) Trying to find out which wildlife causes the,1604541443255
typed in answer,1) Trying to find out which wildlife causes the ,1604541443763
typed in answer,1) Trying to find out which wildlife causes the m,1604541443971
typed in answer,1) Trying to find out which wildlife causes the mo,1604541444110
typed in answer,1) Trying to find out which wildlife causes the mos,1604541444199
typed in answer,1) Trying to find out which wildlife causes the most,1604541444408
typed in answer,1) Trying to find out which wildlife causes the most ,1604541444514
typed in answer,1) Trying to find out which wildlife causes the most d,1604541444833
typed in answer,1) Trying to find out which wildlife causes the most da,1604541444991
typed in answer,1) Trying to find out which wildlife causes the most dam,1604541445113
typed in answer,1) Trying to find out which wildlife causes the most dama,1604541445206
typed in answer,1) Trying to find out which wildlife causes the most damag,1604541445980
typed in answer,1) Trying to find out which wildlife causes the most damage,1604541446333
typed in answer,1) Trying to find out which wildlife causes the most damage.,1604541446494
typed in answer,1) Trying to find out which wildlife causes the most damage. ,1604541446688
mouseover on the specified chart,"mark:point;encoding:-quantitative-size<aggregate>count,Effect_Amount_of_damage-nominal-x,Wildlife_Size-nominal-y",1604541452238
mouseout on the specified chart,"mark:point;encoding:-quantitative-size<aggregate>count,Effect_Amount_of_damage-nominal-x,Wildlife_Size-nominal-y",1604541452270
mouseover on the specified chart,"mark:point;encoding:-quantitative-size<aggregate>count,Effect_Amount_of_damage-nominal-x,Wildlife_Size-nominal-y",1604541452363
mouseout on the specified chart,"mark:point;encoding:-quantitative-size<aggregate>count,Effect_Amount_of_damage-nominal-x,Wildlife_Size-nominal-y",1604541452395
mouseover on the specified chart,"mark:point;encoding:-quantitative-size<aggregate>count,Effect_Amount_of_damage-nominal-x,Wildlife_Size-nominal-y",1604541452395
mouseout on the specified chart,"mark:point;encoding:-quantitative-size<aggregate>count,Effect_Amount_of_damage-nominal-x,Wildlife_Size-nominal-y",1604541477556
typed in answer,1) Trying to find out which wildlife causes the most damage. M,1604541478821
typed in answer,1) Trying to find out which wildlife causes the most damage. Me,1604541479087
typed in answer,1) Trying to find out which wildlife causes the most damage. Med,1604541479989
typed in answer,1) Trying to find out which wildlife causes the most damage. Medi,1604541480077
typed in answer,1) Trying to find out which wildlife causes the most damage. Mediu,1604541480289
typed in answer,1) Trying to find out which wildlife causes the most damage. Medium,1604541480527
typed in answer,1) Trying to find out which wildlife causes the most damage. Medium ,1604541480739
typed in answer,1) Trying to find out which wildlife causes the most damage. Medium s,1604541481250
typed in answer,1) Trying to find out which wildlife causes the most damage. Medium si,1604541481384
typed in answer,1) Trying to find out which wildlife causes the most damage. Medium siz,1604541481548
typed in answer,1) Trying to find out which wildlife causes the most damage. Medium size,1604541481697
typed in answer,1) Trying to find out which wildlife causes the most damage. Medium size ,1604541481941
typed in answer,1) Trying to find out which wildlife causes the most damage. Medium size w,1604541484564
typed in answer,1) Trying to find out which wildlife causes the most damage. Medium size wi,1604541485495
typed in answer,1) Trying to find out which wildlife causes the most damage. Medium size wil,1604541485704
typed in answer,1) Trying to find out which wildlife causes the most damage. Medium size wild,1604541486424
typed in answer,1) Trying to find out which wildlife causes the most damage. Medium size wildl,1604541486544
typed in answer,1) Trying to find out which wildlife causes the most damage. Medium size wildli,1604541486754
typed in answer,1) Trying to find out which wildlife causes the most damage. Medium size wildlif,1604541486874
typed in answer,1) Trying to find out which wildlife causes the most damage. Medium size wildlife,1604541486992
typed in answer,1) Trying to find out which wildlife causes the most damage. Medium size wildlife ,1604541487159
typed in answer,1) Trying to find out which wildlife causes the most damage. Medium size wildlife c,1604541487264
typed in answer,1) Trying to find out which wildlife causes the most damage. Medium size wildlife ca,1604541487459
typed in answer,1) Trying to find out which wildlife causes the most damage. Medium size wildlife cau,1604541487593
typed in answer,1) Trying to find out which wildlife causes the most damage. Medium size wildlife caus,1604541487759
typed in answer,1) Trying to find out which wildlife causes the most damage. Medium size wildlife cause,1604541487894
typed in answer,1) Trying to find out which wildlife causes the most damage. Medium size wildlife cause ,1604541488027
typed in answer,1) Trying to find out which wildlife causes the most damage. Medium size wildlife cause s,1604541488887
typed in answer,1) Trying to find out which wildlife causes the most damage. Medium size wildlife cause su,1604541489032
typed in answer,1) Trying to find out which wildlife causes the most damage. Medium size wildlife cause sub,1604541489226
typed in answer,1) Trying to find out which wildlife causes the most damage. Medium size wildlife cause subs,1604541489724
typed in answer,1) Trying to find out which wildlife causes the most damage. Medium size wildlife cause subsa,1604541489920
typed in answer,1) Trying to find out which wildlife causes the most damage. Medium size wildlife cause subsat,1604541490296
typed in answer,1) Trying to find out which wildlife causes the most damage. Medium size wildlife cause subsa,1604541491672
typed in answer,1) Trying to find out which wildlife causes the most damage. Medium size wildlife cause subs,1604541491869
typed in answer,1) Trying to find out which wildlife causes the most damage. Medium size wildlife cause subst,1604541492317
typed in answer,1) Trying to find out which wildlife causes the most damage. Medium size wildlife cause substa,1604541492589
typed in answer,1) Trying to find out which wildlife causes the most damage. Medium size wildlife cause substan,1604541492708
typed in answer,1) Trying to find out which wildlife causes the most damage. Medium size wildlife cause substant,1604541493054
typed in answer,1) Trying to find out which wildlife causes the most damage. Medium size wildlife cause substanti,1604541493159
typed in answer,1) Trying to find out which wildlife causes the most damage. Medium size wildlife cause substantia,1604541493324
typed in answer,1) Trying to find out which wildlife causes the most damage. Medium size wildlife cause substantial,1604541493397
typed in answer,1) Trying to find out which wildlife causes the most damage. Medium size wildlife cause substantial ,1604541493578
typed in answer,1) Trying to find out which wildlife causes the most damage. Medium size wildlife cause substantial d,1604541493742
typed in answer,1) Trying to find out which wildlife causes the most damage. Medium size wildlife cause substantial da,1604541493954
typed in answer,1) Trying to find out which wildlife causes the most damage. Medium size wildlife cause substantial dam,1604541494060
typed in answer,1) Trying to find out which wildlife causes the most damage. Medium size wildlife cause substantial dama,1604541494149
typed in answer,1) Trying to find out which wildlife causes the most damage. Medium size wildlife cause substantial damag,1604541494389
typed in answer,1) Trying to find out which wildlife causes the most damage. Medium size wildlife cause substantial damage,1604541494496
typed in answer,1) Trying to find out which wildlife causes the most damage. Medium size wildlife cause substantial damage.,1604541495227
typed in answer,"1) Trying to find out which wildlife causes the most damage. Medium size wildlife cause substantial damage.
",1604541495556
typed in answer,"1) Trying to find out which wildlife causes the most damage. Medium size wildlife cause substantial damage.

",1604541495946
typed in answer,"1) Trying to find out which wildlife causes the most damage. Medium size wildlife cause substantial damage.

2",1604541496126
typed in answer,"1) Trying to find out which wildlife causes the most damage. Medium size wildlife cause substantial damage.

2)",1604541496651
mouseover on the specified chart,"mark:point;encoding:-quantitative-size<aggregate>count,Effect_Amount_of_damage-nominal-x,Wildlife_Size-nominal-y",1604541497748
mouseout on the specified chart,"mark:point;encoding:-quantitative-size<aggregate>count,Effect_Amount_of_damage-nominal-x,Wildlife_Size-nominal-y",1604541497934
clicked on a field,remove Effect_Amount_of_damage,1604541499855
main chart changed because of clicking a field,"mark:bar;encoding:-quantitative-x<aggregate>count,Wildlife_Size-nominal-y",1604541499883
clicked on a field,remove Wildlife_Size,1604541500991
mouseover a related chart,"mark:bar;encoding:-quantitative-x<aggregate>count,Airport_Name-nominal-y",1604541501736
mouseout a related chart,"mark:bar;encoding:-quantitative-x<aggregate>count,Airport_Name-nominal-y",1604541502096
mouseover a related chart,"mark:bar;encoding:-quantitative-x<aggregate>count,Aircraft_Make_Model-nominal-y",1604541505751
mouseout a related chart,"mark:bar;encoding:-quantitative-x<aggregate>count,Aircraft_Make_Model-nominal-y",1604541505782
mouseover a related chart,"mark:bar;encoding:-quantitative-x<aggregate>count,Aircraft_Make_Model-nominal-y",1604541505782
mouseout a related chart,"mark:bar;encoding:-quantitative-x<aggregate>count,Aircraft_Make_Model-nominal-y",1604541506186
mouseover a related chart,"mark:bar;encoding:-quantitative-x<aggregate>count,Airport_Name-nominal-y",1604541506780
mouseout a related chart,"mark:bar;encoding:-quantitative-x<aggregate>count,Airport_Name-nominal-y",1604541507062
mouseover a related chart,"mark:bar;encoding:-quantitative-x<aggregate>count,Airport_Name-nominal-y",1604541507062
mouseout a related chart,"mark:bar;encoding:-quantitative-x<aggregate>count,Airport_Name-nominal-y",1604541507675
mouseover a related chart,"mark:bar;encoding:-quantitative-x<aggregate>count,Airport_Name-nominal-y",1604541507675
mouseout a related chart,"mark:bar;encoding:-quantitative-x<aggregate>count,Airport_Name-nominal-y",1604541507705
mouseover a related chart,"mark:bar;encoding:-quantitative-x<aggregate>count,Airport_Name-nominal-y",1604541507800
mouseout a related chart,"mark:bar;encoding:-quantitative-x<aggregate>count,Airport_Name-nominal-y",1604541507941
mouseover a related chart,"mark:bar;encoding:-quantitative-x<aggregate>count,Airport_Name-nominal-y",1604541507941
mouseout a related chart,"mark:bar;encoding:-quantitative-x<aggregate>count,Airport_Name-nominal-y",1604541508003
clicked on a field,add Airport_Name,1604541510959
main chart changed because of clicking a field,"mark:bar;encoding:-quantitative-x<aggregate>count,Airport_Name-nominal-y",1604541510978
clicked on a field,add Cost_Repair,1604541525404
main chart changed because of clicking a field,"mark:tick;encoding:Airport_Name-nominal-y,Cost_Repair-quantitative-x",1604541525439
mouseover on the specified chart,"mark:tick;encoding:Airport_Name-nominal-y,Cost_Repair-quantitative-x",1604541527029
mouseout on the specified chart,"mark:tick;encoding:Airport_Name-nominal-y,Cost_Repair-quantitative-x",1604541533580
typed in answer,"1) Trying to find out which wildlife causes the most damage. Medium size wildlife cause substantial damage.

2) ",1604541534829
typed in answer,"1) Trying to find out which wildlife causes the most damage. Medium size wildlife cause substantial damage.

2) T",1604541535201
typed in answer,"1) Trying to find out which wildlife causes the most damage. Medium size wildlife cause substantial damage.

2) Tr",1604541535353
typed in answer,"1) Trying to find out which wildlife causes the most damage. Medium size wildlife cause substantial damage.

2) Try",1604541535669
typed in answer,"1) Trying to find out which wildlife causes the most damage. Medium size wildlife cause substantial damage.

2) Tryi",1604541535756
typed in answer,"1) Trying to find out which wildlife causes the most damage. Medium size wildlife cause substantial damage.

2) Tryin",1604541535863
typed in answer,"1) Trying to find out which wildlife causes the most damage. Medium size wildlife cause substantial damage.

2) Trying",1604541535969
typed in answer,"1) Trying to find out which wildlife causes the most damage. Medium size wildlife cause substantial damage.

2) Trying ",1604541536119
typed in answer,"1) Trying to find out which wildlife causes the most damage. Medium size wildlife cause substantial damage.

2) Trying t",1604541536238
typed in answer,"1) Trying to find out which wildlife causes the most damage. Medium size wildlife cause substantial damage.

2) Trying to",1604541536356
typed in answer,"1) Trying to find out which wildlife causes the most damage. Medium size wildlife cause substantial damage.

2) Trying to ",1604541536524
typed in answer,"1) Trying to find out which wildlife causes the most damage. Medium size wildlife cause substantial damage.

2) Trying to f",1604541536627
typed in answer,"1) Trying to find out which wildlife causes the most damage. Medium size wildlife cause substantial damage.

2) Trying to fi",1604541536764
typed in answer,"1) Trying to find out which wildlife causes the most damage. Medium size wildlife cause substantial damage.

2) Trying to fin",1604541536807
typed in answer,"1) Trying to find out which wildlife causes the most damage. Medium size wildlife cause substantial damage.

2) Trying to find",1604541536961
typed in answer,"1) Trying to find out which wildlife causes the most damage. Medium size wildlife cause substantial damage.

2) Trying to find ",1604541537062
typed in answer,"1) Trying to find out which wildlife causes the most damage. Medium size wildlife cause substantial damage.

2) Trying to find o",1604541537274
typed in answer,"1) Trying to find out which wildlife causes the most damage. Medium size wildlife cause substantial damage.

2) Trying to find ou",1604541537423
typed in answer,"1) Trying to find out which wildlife causes the most damage. Medium size wildlife cause substantial damage.

2) Trying to find out",1604541537574
typed in answer,"1) Trying to find out which wildlife causes the most damage. Medium size wildlife cause substantial damage.

2) Trying to find out ",1604541537693
typed in answer,"1) Trying to find out which wildlife causes the most damage. Medium size wildlife cause substantial damage.

2) Trying to find out w",1604541537933
typed in answer,"1) Trying to find out which wildlife causes the most damage. Medium size wildlife cause substantial damage.

2) Trying to find out wh",1604541538021
typed in answer,"1) Trying to find out which wildlife causes the most damage. Medium size wildlife cause substantial damage.

2) Trying to find out whi",1604541538175
typed in answer,"1) Trying to find out which wildlife causes the most damage. Medium size wildlife cause substantial damage.

2) Trying to find out whic",1604541538354
typed in answer,"1) Trying to find out which wildlife causes the most damage. Medium size wildlife cause substantial damage.

2) Trying to find out which",1604541538427
typed in answer,"1) Trying to find out which wildlife causes the most damage. Medium size wildlife cause substantial damage.

2) Trying to find out which ",1604541538667
typed in answer,"1) Trying to find out which wildlife causes the most damage. Medium size wildlife cause substantial damage.

2) Trying to find out which a",1604541538997
typed in answer,"1) Trying to find out which wildlife causes the most damage. Medium size wildlife cause substantial damage.

2) Trying to find out which ar",1604541539254
typed in answer,"1) Trying to find out which wildlife causes the most damage. Medium size wildlife cause substantial damage.

2) Trying to find out which ari",1604541539432
typed in answer,"1) Trying to find out which wildlife causes the most damage. Medium size wildlife cause substantial damage.

2) Trying to find out which arip",1604541539629
typed in answer,"1) Trying to find out which wildlife causes the most damage. Medium size wildlife cause substantial damage.

2) Trying to find out which aripo",1604541539749
typed in answer,"1) Trying to find out which wildlife causes the most damage. Medium size wildlife cause substantial damage.

2) Trying to find out which aripor",1604541539975
typed in answer,"1) Trying to find out which wildlife causes the most damage. Medium size wildlife cause substantial damage.

2) Trying to find out which ariport",1604541540077
typed in answer,"1) Trying to find out which wildlife causes the most damage. Medium size wildlife cause substantial damage.

2) Trying to find out which aripor",1604541540664
typed in answer,"1) Trying to find out which wildlife causes the most damage. Medium size wildlife cause substantial damage.

2) Trying to find out which aripo",1604541541180
typed in answer,"1) Trying to find out which wildlife causes the most damage. Medium size wildlife cause substantial damage.

2) Trying to find out which arip",1604541541210
typed in answer,"1) Trying to find out which wildlife causes the most damage. Medium size wildlife cause substantial damage.

2) Trying to find out which ari",1604541541238
typed in answer,"1) Trying to find out which wildlife causes the most damage. Medium size wildlife cause substantial damage.

2) Trying to find out which ar",1604541541271
typed in answer,"1) Trying to find out which wildlife causes the most damage. Medium size wildlife cause substantial damage.

2) Trying to find out which a",1604541541441
typed in answer,"1) Trying to find out which wildlife causes the most damage. Medium size wildlife cause substantial damage.

2) Trying to find out which ai",1604541542285
typed in answer,"1) Trying to find out which wildlife causes the most damage. Medium size wildlife cause substantial damage.

2) Trying to find out which air",1604541542461
typed in answer,"1) Trying to find out which wildlife causes the most damage. Medium size wildlife cause substantial damage.

2) Trying to find out which airp",1604541542568
typed in answer,"1) Trying to find out which wildlife causes the most damage. Medium size wildlife cause substantial damage.

2) Trying to find out which airpo",1604541542764
typed in answer,"1) Trying to find out which wildlife causes the most damage. Medium size wildlife cause substantial damage.

2) Trying to find out which airpor",1604541542973
typed in answer,"1) Trying to find out which wildlife causes the most damage. Medium size wildlife cause substantial damage.

2) Trying to find out which airport",1604541543094
typed in answer,"1) Trying to find out which wildlife causes the most damage. Medium size wildlife cause substantial damage.

2) Trying to find out which airport ",1604541543244
typed in answer,"1) Trying to find out which wildlife causes the most damage. Medium size wildlife cause substantial damage.

2) Trying to find out which airport c",1604541543350
typed in answer,"1) Trying to find out which wildlife causes the most damage. Medium size wildlife cause substantial damage.

2) Trying to find out which airport ca",1604541543572
typed in answer,"1) Trying to find out which wildlife causes the most damage. Medium size wildlife cause substantial damage.

2) Trying to find out which airport cau",1604541543663
typed in answer,"1) Trying to find out which wildlife causes the most damage. Medium size wildlife cause substantial damage.

2) Trying to find out which airport caus",1604541543844
typed in answer,"1) Trying to find out which wildlife causes the most damage. Medium size wildlife cause substantial damage.

2) Trying to find out which airport cause",1604541543933
typed in answer,"1) Trying to find out which wildlife causes the most damage. Medium size wildlife cause substantial damage.

2) Trying to find out which airport cause ",1604541544083
typed in answer,"1) Trying to find out which wildlife causes the most damage. Medium size wildlife cause substantial damage.

2) Trying to find out which airport cause m",1604541544328
typed in answer,"1) Trying to find out which wildlife causes the most damage. Medium size wildlife cause substantial damage.

2) Trying to find out which airport cause mo",1604541544486
typed in answer,"1) Trying to find out which wildlife causes the most damage. Medium size wildlife cause substantial damage.

2) Trying to find out which airport cause mos",1604541544609
typed in answer,"1) Trying to find out which wildlife causes the most damage. Medium size wildlife cause substantial damage.

2) Trying to find out which airport cause most",1604541545239
typed in answer,"1) Trying to find out which wildlife causes the most damage. Medium size wildlife cause substantial damage.

2) Trying to find out which airport cause most ",1604541545450
typed in answer,"1) Trying to find out which wildlife causes the most damage. Medium size wildlife cause substantial damage.

2) Trying to find out which airport cause most r",1604541545926
typed in answer,"1) Trying to find out which wildlife causes the most damage. Medium size wildlife cause substantial damage.

2) Trying to find out which airport cause most re",1604541546032
typed in answer,"1) Trying to find out which wildlife causes the most damage. Medium size wildlife cause substantial damage.

2) Trying to find out which airport cause most r",1604541546978
typed in answer,"1) Trying to find out which wildlife causes the most damage. Medium size wildlife cause substantial damage.

2) Trying to find out which airport cause most ",1604541547699
typed in answer,"1) Trying to find out which wildlife causes the most damage. Medium size wildlife cause substantial damage.

2) Trying to find out which airport cause most",1604541548167
typed in answer,"1) Trying to find out which wildlife causes the most damage. Medium size wildlife cause substantial damage.

2) Trying to find out which airport cause most ",1604541551737
typed in answer,"1) Trying to find out which wildlife causes the most damage. Medium size wildlife cause substantial damage.

2) Trying to find out which airport cause most w",1604541552094
typed in answer,"1) Trying to find out which wildlife causes the most damage. Medium size wildlife cause substantial damage.

2) Trying to find out which airport cause most wi",1604541552256
typed in answer,"1) Trying to find out which wildlife causes the most damage. Medium size wildlife cause substantial damage.

2) Trying to find out which airport cause most wil",1604541552470
typed in answer,"1) Trying to find out which wildlife causes the most damage. Medium size wildlife cause substantial damage.

2) Trying to find out which airport cause most wild",1604541553068
typed in answer,"1) Trying to find out which wildlife causes the most damage. Medium size wildlife cause substantial damage.

2) Trying to find out which airport cause most wildl",1604541553309
typed in answer,"1) Trying to find out which wildlife causes the most damage. Medium size wildlife cause substantial damage.

2) Trying to find out which airport cause most wildli",1604541553534
typed in answer,"1) Trying to find out which wildlife causes the most damage. Medium size wildlife cause substantial damage.

2) Trying to find out which airport cause most wildlif",1604541553609
typed in answer,"1) Trying to find out which wildlife causes the most damage. Medium size wildlife cause substantial damage.

2) Trying to find out which airport cause most wildlife",1604541553758
typed in answer,"1) Trying to find out which wildlife causes the most damage. Medium size wildlife cause substantial damage.

2) Trying to find out which airport cause most wildlife ",1604541553879
typed in answer,"1) Trying to find out which wildlife causes the most damage. Medium size wildlife cause substantial damage.

2) Trying to find out which airport cause most wildlife a",1604541554042
typed in answer,"1) Trying to find out which wildlife causes the most damage. Medium size wildlife cause substantial damage.

2) Trying to find out which airport cause most wildlife at",1604541554375
typed in answer,"1) Trying to find out which wildlife causes the most damage. Medium size wildlife cause substantial damage.

2) Trying to find out which airport cause most wildlife att",1604541554509
typed in answer,"1) Trying to find out which wildlife causes the most damage. Medium size wildlife cause substantial damage.

2) Trying to find out which airport cause most wildlife atta",1604541554987
typed in answer,"1) Trying to find out which wildlife causes the most damage. Medium size wildlife cause substantial damage.

2) Trying to find out which airport cause most wildlife attac",1604541555247
typed in answer,"1) Trying to find out which wildlife causes the most damage. Medium size wildlife cause substantial damage.

2) Trying to find out which airport cause most wildlife attack",1604541555379
typed in answer,"1) Trying to find out which wildlife causes the most damage. Medium size wildlife cause substantial damage.

2) Trying to find out which airport cause most wildlife attacks",1604541555499
typed in answer,"1) Trying to find out which wildlife causes the most damage. Medium size wildlife cause substantial damage.

2) Trying to find out which airport cause most wildlife attacks ",1604541555603
typed in answer,"1) Trying to find out which wildlife causes the most damage. Medium size wildlife cause substantial damage.

2) Trying to find out which airport cause most wildlife attacks a",1604541555709
typed in answer,"1) Trying to find out which wildlife causes the most damage. Medium size wildlife cause substantial damage.

2) Trying to find out which airport cause most wildlife attacks an",1604541555799
typed in answer,"1) Trying to find out which wildlife causes the most damage. Medium size wildlife cause substantial damage.

2) Trying to find out which airport cause most wildlife attacks and",1604541555889
typed in answer,"1) Trying to find out which wildlife causes the most damage. Medium size wildlife cause substantial damage.

2) Trying to find out which airport cause most wildlife attacks and ",1604541556006
typed in answer,"1) Trying to find out which wildlife causes the most damage. Medium size wildlife cause substantial damage.

2) Trying to find out which airport cause most wildlife attacks and t",1604541556114
typed in answer,"1) Trying to find out which wildlife causes the most damage. Medium size wildlife cause substantial damage.

2) Trying to find out which airport cause most wildlife attacks and th",1604541556189
typed in answer,"1) Trying to find out which wildlife causes the most damage. Medium size wildlife cause substantial damage.

2) Trying to find out which airport cause most wildlife attacks and the",1604541556323
typed in answer,"1) Trying to find out which wildlife causes the most damage. Medium size wildlife cause substantial damage.

2) Trying to find out which airport cause most wildlife attacks and the ",1604541556430
typed in answer,"1) Trying to find out which wildlife causes the most damage. Medium size wildlife cause substantial damage.

2) Trying to find out which airport cause most wildlife attacks and the m",1604541556609
typed in answer,"1) Trying to find out which wildlife causes the most damage. Medium size wildlife cause substantial damage.

2) Trying to find out which airport cause most wildlife attacks and the mo",1604541556712
typed in answer,"1) Trying to find out which wildlife causes the most damage. Medium size wildlife cause substantial damage.

2) Trying to find out which airport cause most wildlife attacks and the mos",1604541556774
typed in answer,"1) Trying to find out which wildlife causes the most damage. Medium size wildlife cause substantial damage.

2) Trying to find out which airport cause most wildlife attacks and the most",1604541556984
typed in answer,"1) Trying to find out which wildlife causes the most damage. Medium size wildlife cause substantial damage.

2) Trying to find out which airport cause most wildlife attacks and the most ",1604541557224
typed in answer,"1) Trying to find out which wildlife causes the most damage. Medium size wildlife cause substantial damage.

2) Trying to find out which airport cause most wildlife attacks and the most r",1604541557915
typed in answer,"1) Trying to find out which wildlife causes the most damage. Medium size wildlife cause substantial damage.

2) Trying to find out which airport cause most wildlife attacks and the most re",1604541557987
typed in answer,"1) Trying to find out which wildlife causes the most damage. Medium size wildlife cause substantial damage.

2) Trying to find out which airport cause most wildlife attacks and the most rep",1604541558107
typed in answer,"1) Trying to find out which wildlife causes the most damage. Medium size wildlife cause substantial damage.

2) Trying to find out which airport cause most wildlife attacks and the most repa",1604541558258
typed in answer,"1) Trying to find out which wildlife causes the most damage. Medium size wildlife cause substantial damage.

2) Trying to find out which airport cause most wildlife attacks and the most repai",1604541558394
typed in answer,"1) Trying to find out which wildlife causes the most damage. Medium size wildlife cause substantial damage.

2) Trying to find out which airport cause most wildlife attacks and the most repair",1604541558589
typed in answer,"1) Trying to find out which wildlife causes the most damage. Medium size wildlife cause substantial damage.

2) Trying to find out which airport cause most wildlife attacks and the most repairs",1604541558949
typed in answer,"1) Trying to find out which wildlife causes the most damage. Medium size wildlife cause substantial damage.

2) Trying to find out which airport cause most wildlife attacks and the most repairs.",1604541559354
typed in answer,"1) Trying to find out which wildlife causes the most damage. Medium size wildlife cause substantial damage.

2) Trying to find out which airport cause most wildlife attacks and the most repairs. ",1604541559594
typed in answer,"1) Trying to find out which wildlife causes the most damage. Medium size wildlife cause substantial damage.

2) Trying to find out which airport cause most wildlife attacks and the most repairs. I",1604541561919
typed in answer,"1) Trying to find out which wildlife causes the most damage. Medium size wildlife cause substantial damage.

2) Trying to find out which airport cause most wildlife attacks and the most repairs. It",1604541562251
typed in answer,"1) Trying to find out which wildlife causes the most damage. Medium size wildlife cause substantial damage.

2) Trying to find out which airport cause most wildlife attacks and the most repairs. It ",1604541562339
typed in answer,"1) Trying to find out which wildlife causes the most damage. Medium size wildlife cause substantial damage.

2) Trying to find out which airport cause most wildlife attacks and the most repairs. It i",1604541562579
typed in answer,"1) Trying to find out which wildlife causes the most damage. Medium size wildlife cause substantial damage.

2) Trying to find out which airport cause most wildlife attacks and the most repairs. It is",1604541562713
typed in answer,"1) Trying to find out which wildlife causes the most damage. Medium size wildlife cause substantial damage.

2) Trying to find out which airport cause most wildlife attacks and the most repairs. It is ",1604541562820
typed in answer,"1) Trying to find out which wildlife causes the most damage. Medium size wildlife cause substantial damage.

2) Trying to find out which airport cause most wildlife attacks and the most repairs. It is A",1604541563569
typed in answer,"1) Trying to find out which wildlife causes the most damage. Medium size wildlife cause substantial damage.

2) Trying to find out which airport cause most wildlife attacks and the most repairs. It is Au",1604541563930
typed in answer,"1) Trying to find out which wildlife causes the most damage. Medium size wildlife cause substantial damage.

2) Trying to find out which airport cause most wildlife attacks and the most repairs. It is Aus",1604541564109
typed in answer,"1) Trying to find out which wildlife causes the most damage. Medium size wildlife cause substantial damage.

2) Trying to find out which airport cause most wildlife attacks and the most repairs. It is Aust",1604541564365
typed in answer,"1) Trying to find out which wildlife causes the most damage. Medium size wildlife cause substantial damage.

2) Trying to find out which airport cause most wildlife attacks and the most repairs. It is Austi",1604541564470
typed in answer,"1) Trying to find out which wildlife causes the most damage. Medium size wildlife cause substantial damage.

2) Trying to find out which airport cause most wildlife attacks and the most repairs. It is Austin",1604541564559
typed in answer,"1) Trying to find out which wildlife causes the most damage. Medium size wildlife cause substantial damage.

2) Trying to find out which airport cause most wildlife attacks and the most repairs. It is Austin-",1604541565594
typed in answer,"1) Trying to find out which wildlife causes the most damage. Medium size wildlife cause substantial damage.

2) Trying to find out which airport cause most wildlife attacks and the most repairs. It is Austin-B",1604541566149
typed in answer,"1) Trying to find out which wildlife causes the most damage. Medium size wildlife cause substantial damage.

2) Trying to find out which airport cause most wildlife attacks and the most repairs. It is Austin-Be",1604541566419
typed in answer,"1) Trying to find out which wildlife causes the most damage. Medium size wildlife cause substantial damage.

2) Trying to find out which airport cause most wildlife attacks and the most repairs. It is Austin-Ber",1604541566538
typed in answer,"1) Trying to find out which wildlife causes the most damage. Medium size wildlife cause substantial damage.

2) Trying to find out which airport cause most wildlife attacks and the most repairs. It is Austin-Berg",1604541566976
typed in answer,"1) Trying to find out which wildlife causes the most damage. Medium size wildlife cause substantial damage.

2) Trying to find out which airport cause most wildlife attacks and the most repairs. It is Austin-Bergs",1604541569945
typed in answer,"1) Trying to find out which wildlife causes the most damage. Medium size wildlife cause substantial damage.

2) Trying to find out which airport cause most wildlife attacks and the most repairs. It is Austin-Bergst",1604541570214
typed in answer,"1) Trying to find out which wildlife causes the most damage. Medium size wildlife cause substantial damage.

2) Trying to find out which airport cause most wildlife attacks and the most repairs. It is Austin-Bergstr",1604541572012
typed in answer,"1) Trying to find out which wildlife causes the most damage. Medium size wildlife cause substantial damage.

2) Trying to find out which airport cause most wildlife attacks and the most repairs. It is Austin-Bergstro",1604541572119
typed in answer,"1) Trying to find out which wildlife causes the most damage. Medium size wildlife cause substantial damage.

2) Trying to find out which airport cause most wildlife attacks and the most repairs. It is Austin-Bergstrom",1604541572344
typed in answer,"1) Trying to find out which wildlife causes the most damage. Medium size wildlife cause substantial damage.

2) Trying to find out which airport cause most wildlife attacks and the most repairs. It is Austin-Bergstrom ",1604541572599
typed in answer,"1) Trying to find out which wildlife causes the most damage. Medium size wildlife cause substantial damage.

2) Trying to find out which airport cause most wildlife attacks and the most repairs. It is Austin-Bergstrom I",1604541573333
typed in answer,"1) Trying to find out which wildlife causes the most damage. Medium size wildlife cause substantial damage.

2) Trying to find out which airport cause most wildlife attacks and the most repairs. It is Austin-Bergstrom In",1604541573619
typed in answer,"1) Trying to find out which wildlife causes the most damage. Medium size wildlife cause substantial damage.

2) Trying to find out which airport cause most wildlife attacks and the most repairs. It is Austin-Bergstrom Int",1604541573740
typed in answer,"1) Trying to find out which wildlife causes the most damage. Medium size wildlife cause substantial damage.

2) Trying to find out which airport cause most wildlife attacks and the most repairs. It is Austin-Bergstrom Intl",1604541573842
typed in answer,"1) Trying to find out which wildlife causes the most damage. Medium size wildlife cause substantial damage.

2) Trying to find out which airport cause most wildlife attacks and the most repairs. It is Austin-Bergstrom Intl ",1604541574037
typed in answer,"1) Trying to find out which wildlife causes the most damage. Medium size wildlife cause substantial damage.

2) Trying to find out which airport cause most wildlife attacks and the most repairs. It is Austin-Bergstrom Intl a",1604541574414
typed in answer,"1) Trying to find out which wildlife causes the most damage. Medium size wildlife cause substantial damage.

2) Trying to find out which airport cause most wildlife attacks and the most repairs. It is Austin-Bergstrom Intl ai",1604541574581
typed in answer,"1) Trying to find out which wildlife causes the most damage. Medium size wildlife cause substantial damage.

2) Trying to find out which airport cause most wildlife attacks and the most repairs. It is Austin-Bergstrom Intl air",1604541574968
typed in answer,"1) Trying to find out which wildlife causes the most damage. Medium size wildlife cause substantial damage.

2) Trying to find out which airport cause most wildlife attacks and the most repairs. It is Austin-Bergstrom Intl airp",1604541575119
typed in answer,"1) Trying to find out which wildlife causes the most damage. Medium size wildlife cause substantial damage.

2) Trying to find out which airport cause most wildlife attacks and the most repairs. It is Austin-Bergstrom Intl airpo",1604541575314
typed in answer,"1) Trying to find out which wildlife causes the most damage. Medium size wildlife cause substantial damage.

2) Trying to find out which airport cause most wildlife attacks and the most repairs. It is Austin-Bergstrom Intl airpor",1604541575434
typed in answer,"1) Trying to find out which wildlife causes the most damage. Medium size wildlife cause substantial damage.

2) Trying to find out which airport cause most wildlife attacks and the most repairs. It is Austin-Bergstrom Intl airport",1604541575586
typed in answer,"1) Trying to find out which wildlife causes the most damage. Medium size wildlife cause substantial damage.

2) Trying to find out which airport cause most wildlife attacks and the most repairs. It is Austin-Bergstrom Intl airport.",1604541575750
typed in answer,"1) Trying to find out which wildlife causes the most damage. Medium size wildlife cause substantial damage.

2) Trying to find out which airport cause most wildlife attacks and the most repairs. It is Austin-Bergstrom Intl airport. ",1604541575961
added chart to bookmark,"mark:tick;encoding:Airport_Name-nominal-y,Cost_Repair-quantitative-x",1604541577537
typed in answer,"1) Trying to find out which wildlife causes the most damage. Medium size wildlife cause substantial damage.

2) Trying to find out which airport cause most wildlife attacks and the most repairs. It is Austin-Bergstrom Intl airport. 
",1604541584328
typed in answer,"1) Trying to find out which wildlife causes the most damage. Medium size wildlife cause substantial damage.

2) Trying to find out which airport cause most wildlife attacks and the most repairs. It is Austin-Bergstrom Intl airport. 

",1604541584734
typed in answer,"1) Trying to find out which wildlife causes the most damage. Medium size wildlife cause substantial damage.

2) Trying to find out which airport cause most wildlife attacks and the most repairs. It is Austin-Bergstrom Intl airport. 

3",1604541585017
typed in answer,"1) Trying to find out which wildlife causes the most damage. Medium size wildlife cause substantial damage.

2) Trying to find out which airport cause most wildlife attacks and the most repairs. It is Austin-Bergstrom Intl airport. 

3)",1604541585379
typed in answer,"1) Trying to find out which wildlife causes the most damage. Medium size wildlife cause substantial damage.

2) Trying to find out which airport cause most wildlife attacks and the most repairs. It is Austin-Bergstrom Intl airport. 

3) ",1604541585709
mouseover on the specified chart,"mark:tick;encoding:Airport_Name-nominal-y,Cost_Repair-quantitative-x",1604541586713
mouseout on the specified chart,"mark:tick;encoding:Airport_Name-nominal-y,Cost_Repair-quantitative-x",1604541586744
clicked on a field,remove Airport_Name,1604541587888
main chart changed because of clicking a field,mark:tick;encoding:Cost_Repair-quantitative-x,1604541587920
clicked on a field,remove Cost_Repair,1604541589540
mouseover a related chart,"mark:bar;encoding:-quantitative-x<aggregate>count,Airport_Name-nominal-y",1604541590045
scroll on a related chart,"mark:bar;encoding:-quantitative-x<aggregate>count,Airport_Name-nominal-y",1604541590743
scroll on a related chart,"mark:bar;encoding:-quantitative-x<aggregate>count,Airport_Name-nominal-y",1604541590774
scroll on a related chart,"mark:bar;encoding:-quantitative-x<aggregate>count,Airport_Name-nominal-y",1604541590805
scroll on a related chart,"mark:bar;encoding:-quantitative-x<aggregate>count,Airport_Name-nominal-y",1604541590837
scroll on a related chart,"mark:bar;encoding:-quantitative-x<aggregate>count,Airport_Name-nominal-y",1604541590868
scroll on a related chart,"mark:bar;encoding:-quantitative-x<aggregate>count,Airport_Name-nominal-y",1604541590899
scroll on a related chart,"mark:bar;encoding:-quantitative-x<aggregate>count,Airport_Name-nominal-y",1604541590931
scroll on a related chart,"mark:bar;encoding:-quantitative-x<aggregate>count,Airport_Name-nominal-y",1604541590962
mouseout a related chart,"mark:bar;encoding:-quantitative-x<aggregate>count,Airport_Name-nominal-y",1604541591087
mouseover a related chart,"mark:bar;encoding:-quantitative-x<aggregate>count,Flight_Date-nominal-y",1604541591118
scroll down,,1604541591463
scroll down,,1604541591494
scroll down,,1604541591525
scroll down,,1604541591556
scroll down,,1604541591587
scroll down,,1604541591618
scroll down,,1604541591649
scroll down,,1604541591680
scroll down,,1604541591711
scroll down,,1604541591742
scroll down,,1604541591773
scroll down,,1604541591805
scroll down,,1604541591836
scroll down,,1604541591867
scroll down,,1604541591899
scroll down,,1604541591930
scroll down,,1604541591962
scroll down,,1604541591993
scroll down,,1604541592025
scroll down,,1604541592055
scroll down,,1604541592087
scroll down,,1604541592117
scroll down,,1604541592149
mouseout a related chart,"mark:bar;encoding:-quantitative-x<aggregate>count,Flight_Date-nominal-y",1604541592183
scroll down,,1604541592183
scroll down,,1604541592215
scroll down,,1604541592245
scroll down,,1604541592276
mouseover a related chart,"mark:bar;encoding:-quantitative-x<aggregate>count,Flight_Date-nominal-y",1604541592338
mouseout a related chart,"mark:bar;encoding:-quantitative-x<aggregate>count,Flight_Date-nominal-y",1604541592370
mouseover a related chart,"mark:bar;encoding:-quantitative-x<aggregate>count,Flight_Date-nominal-y",1604541592370
mouseout a related chart,"mark:bar;encoding:-quantitative-x<aggregate>count,Flight_Date-nominal-y",1604541592681
mouseover a related chart,"mark:bar;encoding:-quantitative-x<aggregate>count,Flight_Date-nominal-y",1604541592682
mouseout a related chart,"mark:bar;encoding:-quantitative-x<aggregate>count,Flight_Date-nominal-y",1604541592713
mouseover a related chart,"mark:bar;encoding:-quantitative-x<aggregate>count,Flight_Date-nominal-y",1604541592743
mouseout a related chart,"mark:bar;encoding:-quantitative-x<aggregate>count,Flight_Date-nominal-y",1604541592774
mouseover a related chart,"mark:bar;encoding:-quantitative-x<aggregate>count,Flight_Date-nominal-y",1604541592774
mouseout a related chart,"mark:bar;encoding:-quantitative-x<aggregate>count,Flight_Date-nominal-y",1604541593090
mouseover a related chart,"mark:bar;encoding:-quantitative-x<aggregate>count,Flight_Date-nominal-y",1604541593090
mouseout a related chart,"mark:bar;encoding:-quantitative-x<aggregate>count,Flight_Date-nominal-y",1604541593308
mouseover a related chart,"mark:bar;encoding:-quantitative-x<aggregate>count,Flight_Date-nominal-y",1604541594785
scroll up,,1604541594848
mouseout a related chart,"mark:bar;encoding:-quantitative-x<aggregate>count,Flight_Date-nominal-y",1604541594880
scroll up,,1604541594880
mouseover a related chart,"mark:bar;encoding:-quantitative-x<aggregate>count,Airport_Name-nominal-y",1604541594911
scroll up,,1604541594912
scroll up,,1604541594944
scroll up,,1604541594974
scroll up,,1604541595005
scroll up,,1604541595037
scroll up,,1604541595068
mouseout a related chart,"mark:bar;encoding:-quantitative-x<aggregate>count,Airport_Name-nominal-y",1604541595475
mouseover a related chart,"mark:bar;encoding:-quantitative-x<aggregate>count,Flight_Date-nominal-y",1604541595507
mouseout a related chart,"mark:bar;encoding:-quantitative-x<aggregate>count,Flight_Date-nominal-y",1604541595710
mouseover a related chart,"mark:bar;encoding:-quantitative-x<aggregate>count,Flight_Date-nominal-y",1604541596004
mouseout a related chart,"mark:bar;encoding:-quantitative-x<aggregate>count,Flight_Date-nominal-y",1604541596035
mouseover a related chart,"mark:bar;encoding:-quantitative-x<aggregate>count,Flight_Date-nominal-y",1604541596035
scroll down,,1604541598757
scroll down,,1604541598777
scroll down,,1604541598808
scroll down,,1604541598839
scroll down,,1604541598871
scroll down,,1604541598902
scroll down,,1604541598933
scroll down,,1604541598965
scroll down,,1604541598996
scroll down,,1604541599059
scroll down,,1604541599091
scroll down,,1604541599122
mouseout a related chart,"mark:bar;encoding:-quantitative-x<aggregate>count,Flight_Date-nominal-y",1604541599156
scroll down,,1604541599156
scroll down,,1604541599184
mouseover a related chart,"mark:bar;encoding:-quantitative-x<aggregate>count,When_Phase_of_flight-nominal-y",1604541599310
mouseout a related chart,"mark:bar;encoding:-quantitative-x<aggregate>count,When_Phase_of_flight-nominal-y",1604541599341
mouseover a related chart,"mark:bar;encoding:-quantitative-x<aggregate>count,When_Phase_of_flight-nominal-y",1604541599341
mouseout a related chart,"mark:bar;encoding:-quantitative-x<aggregate>count,When_Phase_of_flight-nominal-y",1604541599749
mouseover a related chart,"mark:bar;encoding:-quantitative-x<aggregate>count,When_Phase_of_flight-nominal-y",1604541599749
mouseout a related chart,"mark:bar;encoding:-quantitative-x<aggregate>count,When_Phase_of_flight-nominal-y",1604541599812
mouseover a related chart,"mark:bar;encoding:-quantitative-x<aggregate>count,When_Phase_of_flight-nominal-y",1604541600488
scroll down,,1604541600840
scroll down,,1604541600872
scroll down,,1604541600903
scroll down,,1604541600934
scroll down,,1604541600967
scroll down,,1604541600997
scroll down,,1604541601029
scroll down,,1604541601060
scroll down,,1604541601078
scroll down,,1604541601096
mouseout a related chart,"mark:bar;encoding:-quantitative-x<aggregate>count,When_Phase_of_flight-nominal-y",1604541601156
scroll up,,1604541602497
scroll up,,1604541602529
scroll up,,1604541602561
scroll up,,1604541602593
scroll up,,1604541602624
scroll up,,1604541602655
scroll up,,1604541602686
scroll up,,1604541602718
scroll up,,1604541602749
scroll up,,1604541602780
scroll up,,1604541602812
scroll up,,1604541602843
scroll up,,1604541602874
mouseover a related chart,"mark:bar;encoding:-quantitative-x<aggregate>count,Flight_Date-nominal-y",1604541603159
scroll up,,1604541603344
scroll up,,1604541603375
scroll up,,1604541603406
scroll up,,1604541603437
scroll up,,1604541603469
scroll up,,1604541603500
scroll up,,1604541603531
scroll up,,1604541603562
scroll up,,1604541603594
scroll up,,1604541603625
scroll up,,1604541603655
scroll up,,1604541603901
scroll up,,1604541603935
scroll up,,1604541603968
scroll up,,1604541603998
scroll up,,1604541604029
scroll up,,1604541604060
scroll up,,1604541604092
scroll up,,1604541604123
mouseout a related chart,"mark:bar;encoding:-quantitative-x<aggregate>count,Flight_Date-nominal-y",1604541604156
mouseover a related chart,"mark:bar;encoding:-quantitative-x<aggregate>count,Airport_Name-nominal-y",1604541604156
scroll up,,1604541604156
scroll up,,1604541604187
scroll on a related chart,"mark:bar;encoding:-quantitative-x<aggregate>count,Airport_Name-nominal-y",1604541604627
scroll on a related chart,"mark:bar;encoding:-quantitative-x<aggregate>count,Airport_Name-nominal-y",1604541604658
scroll on a related chart,"mark:bar;encoding:-quantitative-x<aggregate>count,Airport_Name-nominal-y",1604541604690
scroll on a related chart,"mark:bar;encoding:-quantitative-x<aggregate>count,Airport_Name-nominal-y",1604541604721
scroll on a related chart,"mark:bar;encoding:-quantitative-x<aggregate>count,Airport_Name-nominal-y",1604541604752
scroll on a related chart,"mark:bar;encoding:-quantitative-x<aggregate>count,Airport_Name-nominal-y",1604541604783
scroll on a related chart,"mark:bar;encoding:-quantitative-x<aggregate>count,Airport_Name-nominal-y",1604541604972
mouseout a related chart,"mark:bar;encoding:-quantitative-x<aggregate>count,Airport_Name-nominal-y",1604541605035
mouseover a related chart,"mark:bar;encoding:-quantitative-x<aggregate>count,Airport_Name-nominal-y",1604541605035
mouseout a related chart,"mark:bar;encoding:-quantitative-x<aggregate>count,Airport_Name-nominal-y",1604541605066
mouseover a related chart,"mark:bar;encoding:-quantitative-x<aggregate>count,Airport_Name-nominal-y",1604541605269
mouseout a related chart,"mark:bar;encoding:-quantitative-x<aggregate>count,Airport_Name-nominal-y",1604541605583
mouseover a related chart,"mark:bar;encoding:-quantitative-x<aggregate>count,Airport_Name-nominal-y",1604541605583
mouseout a related chart,"mark:bar;encoding:-quantitative-x<aggregate>count,Airport_Name-nominal-y",1604541606083
mouseover a related chart,"mark:bar;encoding:-quantitative-x<aggregate>count,Airport_Name-nominal-y",1604541606084
mouseout a related chart,"mark:bar;encoding:-quantitative-x<aggregate>count,Airport_Name-nominal-y",1604541606115
scroll down,,1604541606241
scroll down,,1604541606272
scroll down,,1604541606303
scroll down,,1604541606334
scroll down,,1604541606366
scroll down,,1604541606397
scroll down,,1604541606429
scroll down,,1604541606459
scroll up,,1604541607086
scroll up,,1604541607116
scroll up,,1604541607147
scroll up,,1604541607180
scroll up,,1604541607209
scroll up,,1604541607240
scroll up,,1604541607272
scroll up,,1604541607302
scroll up,,1604541607334
scroll up,,1604541607365
scroll up,,1604541607397
scroll up,,1604541607428
scroll up,,1604541607460
scroll up,,1604541607490
scroll up,,1604541607521
scroll up,,1604541607552
scroll up,,1604541607584
mouseover a related chart,"mark:bar;encoding:-quantitative-x<aggregate>count,When_Phase_of_flight-nominal-y",1604541607616
scroll up,,1604541607616
scroll up,,1604541607647
scroll up,,1604541607678
scroll up,,1604541607710
scroll up,,1604541608002
scroll up,,1604541608034
scroll up,,1604541608065
scroll up,,1604541608096
scroll up,,1604541608128
mouseout a related chart,"mark:bar;encoding:-quantitative-x<aggregate>count,When_Phase_of_flight-nominal-y",1604541608161
scroll up,,1604541608161
scroll up,,1604541608193
scroll up,,1604541608223
scroll up,,1604541608254
scroll up,,1604541608286
scroll up,,1604541608318
mouseover a related chart,"mark:bar;encoding:-quantitative-x<aggregate>count,Flight_Date-nominal-y",1604541608554
mouseout a related chart,"mark:bar;encoding:-quantitative-x<aggregate>count,Flight_Date-nominal-y",1604541608988
mouseover a related chart,"mark:bar;encoding:-quantitative-x<aggregate>count,Flight_Date-nominal-y",1604541610736
mouseout a related chart,"mark:bar;encoding:-quantitative-x<aggregate>count,Flight_Date-nominal-y",1604541610861
mouseover a related chart,"mark:bar;encoding:-quantitative-x<aggregate>count,Flight_Date-nominal-y",1604541610861
mouseout a related chart,"mark:bar;encoding:-quantitative-x<aggregate>count,Flight_Date-nominal-y",1604541611048
mouseover a related chart,"mark:bar;encoding:-quantitative-x<aggregate>count,Flight_Date-nominal-y",1604541612263
mouseout a related chart,"mark:bar;encoding:-quantitative-x<aggregate>count,Flight_Date-nominal-y",1604541612295
mouseover a related chart,"mark:bar;encoding:-quantitative-x<aggregate>count,Flight_Date-nominal-y",1604541612295
mouseout a related chart,"mark:bar;encoding:-quantitative-x<aggregate>count,Flight_Date-nominal-y",1604541612326
clicked on a field,add When_Phase_of_flight,1604541619174
main chart changed because of clicking a field,"mark:bar;encoding:-quantitative-x<aggregate>count,When_Phase_of_flight-nominal-y",1604541619209
scroll up,,1604541619355
mouseover a related chart,"mark:bar;encoding:-quantitative-x<aggregate>count,Effect_Amount_of_damage-nominal-color,When_Phase_of_flight-nominal-y",1604541621442
mouseout a related chart,"mark:bar;encoding:-quantitative-x<aggregate>count,Effect_Amount_of_damage-nominal-color,When_Phase_of_flight-nominal-y",1604541621473
mouseover a related chart,"mark:bar;encoding:-quantitative-x<aggregate>count,Effect_Amount_of_damage-nominal-color,When_Phase_of_flight-nominal-y",1604541621474
scroll down,,1604541622299
scroll down,,1604541622330
scroll down,,1604541622360
scroll down,,1604541622393
scroll down,,1604541622425
scroll down,,1604541622457
scroll down,,1604541622488
scroll down,,1604541622519
scroll down,,1604541622551
scroll down,,1604541622582
scroll down,,1604541622614
scroll down,,1604541622646
scroll down,,1604541622677
scroll down,,1604541622710
scroll down,,1604541622740
scroll down,,1604541622772
scroll down,,1604541622803
scroll down,,1604541622834
scroll down,,1604541622865
scroll down,,1604541622897
scroll down,,1604541622929
scroll down,,1604541622960
scroll down,,1604541622990
scroll down,,1604541623022
mouseout a related chart,"mark:bar;encoding:-quantitative-x<aggregate>count,Effect_Amount_of_damage-nominal-color,When_Phase_of_flight-nominal-y",1604541623089
mouseover a related chart,"mark:bar;encoding:-quantitative-x<aggregate>count,When_Phase_of_flight-nominal-y,Wildlife_Size-nominal-color",1604541623089
mouseout a related chart,"mark:bar;encoding:-quantitative-x<aggregate>count,When_Phase_of_flight-nominal-y,Wildlife_Size-nominal-color",1604541623666
scroll up,,1604541624170
scroll up,,1604541624200
scroll up,,1604541624231
scroll up,,1604541624262
scroll up,,1604541624292
scroll up,,1604541624323
scroll up,,1604541624354
scroll up,,1604541624385
scroll up,,1604541624417
scroll up,,1604541624448
scroll up,,1604541624480
typed in answer,"1) Trying to find out which wildlife causes the most damage. Medium size wildlife cause substantial damage.

2) Trying to find out which airport cause most wildlife attacks and the most repairs. It is Austin-Bergstrom Intl airport. 

3) S",1604541634431
typed in answer,"1) Trying to find out which wildlife causes the most damage. Medium size wildlife cause substantial damage.

2) Trying to find out which airport cause most wildlife attacks and the most repairs. It is Austin-Bergstrom Intl airport. 

3) Su",1604541634640
typed in answer,"1) Trying to find out which wildlife causes the most damage. Medium size wildlife cause substantial damage.

2) Trying to find out which airport cause most wildlife attacks and the most repairs. It is Austin-Bergstrom Intl airport. 

3) Sub",1604541634878
typed in answer,"1) Trying to find out which wildlife causes the most damage. Medium size wildlife cause substantial damage.

2) Trying to find out which airport cause most wildlife attacks and the most repairs. It is Austin-Bergstrom Intl airport. 

3) Subs",1604541635013
typed in answer,"1) Trying to find out which wildlife causes the most damage. Medium size wildlife cause substantial damage.

2) Trying to find out which airport cause most wildlife attacks and the most repairs. It is Austin-Bergstrom Intl airport. 

3) Subst",1604541635256
typed in answer,"1) Trying to find out which wildlife causes the most damage. Medium size wildlife cause substantial damage.

2) Trying to find out which airport cause most wildlife attacks and the most repairs. It is Austin-Bergstrom Intl airport. 

3) Substa",1604541635498
typed in answer,"1) Trying to find out which wildlife causes the most damage. Medium size wildlife cause substantial damage.

2) Trying to find out which airport cause most wildlife attacks and the most repairs. It is Austin-Bergstrom Intl airport. 

3) Substan",1604541636156
typed in answer,"1) Trying to find out which wildlife causes the most damage. Medium size wildlife cause substantial damage.

2) Trying to find out which airport cause most wildlife attacks and the most repairs. It is Austin-Bergstrom Intl airport. 

3) Substant",1604541636471
typed in answer,"1) Trying to find out which wildlife causes the most damage. Medium size wildlife cause substantial damage.

2) Trying to find out which airport cause most wildlife attacks and the most repairs. It is Austin-Bergstrom Intl airport. 

3) Substanti",1604541636588
typed in answer,"1) Trying to find out which wildlife causes the most damage. Medium size wildlife cause substantial damage.

2) Trying to find out which airport cause most wildlife attacks and the most repairs. It is Austin-Bergstrom Intl airport. 

3) Substantia",1604541636756
typed in answer,"1) Trying to find out which wildlife causes the most damage. Medium size wildlife cause substantial damage.

2) Trying to find out which airport cause most wildlife attacks and the most repairs. It is Austin-Bergstrom Intl airport. 

3) Substantial",1604541636814
typed in answer,"1) Trying to find out which wildlife causes the most damage. Medium size wildlife cause substantial damage.

2) Trying to find out which airport cause most wildlife attacks and the most repairs. It is Austin-Bergstrom Intl airport. 

3) Substantial ",1604541636978
typed in answer,"1) Trying to find out which wildlife causes the most damage. Medium size wildlife cause substantial damage.

2) Trying to find out which airport cause most wildlife attacks and the most repairs. It is Austin-Bergstrom Intl airport. 

3) Substantial d",1604541637206
typed in answer,"1) Trying to find out which wildlife causes the most damage. Medium size wildlife cause substantial damage.

2) Trying to find out which airport cause most wildlife attacks and the most repairs. It is Austin-Bergstrom Intl airport. 

3) Substantial da",1604541637415
typed in answer,"1) Trying to find out which wildlife causes the most damage. Medium size wildlife cause substantial damage.

2) Trying to find out which airport cause most wildlife attacks and the most repairs. It is Austin-Bergstrom Intl airport. 

3) Substantial dam",1604541637520
typed in answer,"1) Trying to find out which wildlife causes the most damage. Medium size wildlife cause substantial damage.

2) Trying to find out which airport cause most wildlife attacks and the most repairs. It is Austin-Bergstrom Intl airport. 

3) Substantial dama",1604541637613
typed in answer,"1) Trying to find out which wildlife causes the most damage. Medium size wildlife cause substantial damage.

2) Trying to find out which airport cause most wildlife attacks and the most repairs. It is Austin-Bergstrom Intl airport. 

3) Substantial damag",1604541637820
typed in answer,"1) Trying to find out which wildlife causes the most damage. Medium size wildlife cause substantial damage.

2) Trying to find out which airport cause most wildlife attacks and the most repairs. It is Austin-Bergstrom Intl airport. 

3) Substantial damage",1604541637924
typed in answer,"1) Trying to find out which wildlife causes the most damage. Medium size wildlife cause substantial damage.

2) Trying to find out which airport cause most wildlife attacks and the most repairs. It is Austin-Bergstrom Intl airport. 

3) Substantial damage ",1604541638029
typed in answer,"1) Trying to find out which wildlife causes the most damage. Medium size wildlife cause substantial damage.

2) Trying to find out which airport cause most wildlife attacks and the most repairs. It is Austin-Bergstrom Intl airport. 

3) Substantial damage i",1604541638239
typed in answer,"1) Trying to find out which wildlife causes the most damage. Medium size wildlife cause substantial damage.

2) Trying to find out which airport cause most wildlife attacks and the most repairs. It is Austin-Bergstrom Intl airport. 

3) Substantial damage is",1604541638465
typed in answer,"1) Trying to find out which wildlife causes the most damage. Medium size wildlife cause substantial damage.

2) Trying to find out which airport cause most wildlife attacks and the most repairs. It is Austin-Bergstrom Intl airport. 

3) Substantial damage is ",1604541638556
typed in answer,"1) Trying to find out which wildlife causes the most damage. Medium size wildlife cause substantial damage.

2) Trying to find out which airport cause most wildlife attacks and the most repairs. It is Austin-Bergstrom Intl airport. 

3) Substantial damage is o",1604541638886
typed in answer,"1) Trying to find out which wildlife causes the most damage. Medium size wildlife cause substantial damage.

2) Trying to find out which airport cause most wildlife attacks and the most repairs. It is Austin-Bergstrom Intl airport. 

3) Substantial damage is on",1604541639291
typed in answer,"1) Trying to find out which wildlife causes the most damage. Medium size wildlife cause substantial damage.

2) Trying to find out which airport cause most wildlife attacks and the most repairs. It is Austin-Bergstrom Intl airport. 

3) Substantial damage is o",1604541639561
typed in answer,"1) Trying to find out which wildlife causes the most damage. Medium size wildlife cause substantial damage.

2) Trying to find out which airport cause most wildlife attacks and the most repairs. It is Austin-Bergstrom Intl airport. 

3) Substantial damage is ",1604541639708
typed in answer,"1) Trying to find out which wildlife causes the most damage. Medium size wildlife cause substantial damage.

2) Trying to find out which airport cause most wildlife attacks and the most repairs. It is Austin-Bergstrom Intl airport. 

3) Substantial damage is d",1604541639862
typed in answer,"1) Trying to find out which wildlife causes the most damage. Medium size wildlife cause substantial damage.

2) Trying to find out which airport cause most wildlife attacks and the most repairs. It is Austin-Bergstrom Intl airport. 

3) Substantial damage is do",1604541639921
typed in answer,"1) Trying to find out which wildlife causes the most damage. Medium size wildlife cause substantial damage.

2) Trying to find out which airport cause most wildlife attacks and the most repairs. It is Austin-Bergstrom Intl airport. 

3) Substantial damage is don",1604541640069
typed in answer,"1) Trying to find out which wildlife causes the most damage. Medium size wildlife cause substantial damage.

2) Trying to find out which airport cause most wildlife attacks and the most repairs. It is Austin-Bergstrom Intl airport. 

3) Substantial damage is done",1604541640177
typed in answer,"1) Trying to find out which wildlife causes the most damage. Medium size wildlife cause substantial damage.

2) Trying to find out which airport cause most wildlife attacks and the most repairs. It is Austin-Bergstrom Intl airport. 

3) Substantial damage is done ",1604541640265
typed in answer,"1) Trying to find out which wildlife causes the most damage. Medium size wildlife cause substantial damage.

2) Trying to find out which airport cause most wildlife attacks and the most repairs. It is Austin-Bergstrom Intl airport. 

3) Substantial damage is done d",1604541640564
typed in answer,"1) Trying to find out which wildlife causes the most damage. Medium size wildlife cause substantial damage.

2) Trying to find out which airport cause most wildlife attacks and the most repairs. It is Austin-Bergstrom Intl airport. 

3) Substantial damage is done du",1604541640745
typed in answer,"1) Trying to find out which wildlife causes the most damage. Medium size wildlife cause substantial damage.

2) Trying to find out which airport cause most wildlife attacks and the most repairs. It is Austin-Bergstrom Intl airport. 

3) Substantial damage is done dur",1604541640850
typed in answer,"1) Trying to find out which wildlife causes the most damage. Medium size wildlife cause substantial damage.

2) Trying to find out which airport cause most wildlife attacks and the most repairs. It is Austin-Bergstrom Intl airport. 

3) Substantial damage is done duri",1604541640956
typed in answer,"1) Trying to find out which wildlife causes the most damage. Medium size wildlife cause substantial damage.

2) Trying to find out which airport cause most wildlife attacks and the most repairs. It is Austin-Bergstrom Intl airport. 

3) Substantial damage is done durin",1604541641014
typed in answer,"1) Trying to find out which wildlife causes the most damage. Medium size wildlife cause substantial damage.

2) Trying to find out which airport cause most wildlife attacks and the most repairs. It is Austin-Bergstrom Intl airport. 

3) Substantial damage is done during",1604541641121
typed in answer,"1) Trying to find out which wildlife causes the most damage. Medium size wildlife cause substantial damage.

2) Trying to find out which airport cause most wildlife attacks and the most repairs. It is Austin-Bergstrom Intl airport. 

3) Substantial damage is done during ",1604541641210
typed in answer,"1) Trying to find out which wildlife causes the most damage. Medium size wildlife cause substantial damage.

2) Trying to find out which airport cause most wildlife attacks and the most repairs. It is Austin-Bergstrom Intl airport. 

3) Substantial damage is done during c",1604541642290
typed in answer,"1) Trying to find out which wildlife causes the most damage. Medium size wildlife cause substantial damage.

2) Trying to find out which airport cause most wildlife attacks and the most repairs. It is Austin-Bergstrom Intl airport. 

3) Substantial damage is done during cl",1604541642396
typed in answer,"1) Trying to find out which wildlife causes the most damage. Medium size wildlife cause substantial damage.

2) Trying to find out which airport cause most wildlife attacks and the most repairs. It is Austin-Bergstrom Intl airport. 

3) Substantial damage is done during cli",1604541642680
typed in answer,"1) Trying to find out which wildlife causes the most damage. Medium size wildlife cause substantial damage.

2) Trying to find out which airport cause most wildlife attacks and the most repairs. It is Austin-Bergstrom Intl airport. 

3) Substantial damage is done during clim",1604541642830
typed in answer,"1) Trying to find out which wildlife causes the most damage. Medium size wildlife cause substantial damage.

2) Trying to find out which airport cause most wildlife attacks and the most repairs. It is Austin-Bergstrom Intl airport. 

3) Substantial damage is done during climb",1604541643145
typed in answer,"1) Trying to find out which wildlife causes the most damage. Medium size wildlife cause substantial damage.

2) Trying to find out which airport cause most wildlife attacks and the most repairs. It is Austin-Bergstrom Intl airport. 

3) Substantial damage is done during climb ",1604541643522
typed in answer,"1) Trying to find out which wildlife causes the most damage. Medium size wildlife cause substantial damage.

2) Trying to find out which airport cause most wildlife attacks and the most repairs. It is Austin-Bergstrom Intl airport. 

3) Substantial damage is done during climb a",1604541643640
typed in answer,"1) Trying to find out which wildlife causes the most damage. Medium size wildlife cause substantial damage.

2) Trying to find out which airport cause most wildlife attacks and the most repairs. It is Austin-Bergstrom Intl airport. 

3) Substantial damage is done during climb an",1604541643745
typed in answer,"1) Trying to find out which wildlife causes the most damage. Medium size wildlife cause substantial damage.

2) Trying to find out which airport cause most wildlife attacks and the most repairs. It is Austin-Bergstrom Intl airport. 

3) Substantial damage is done during climb and",1604541643924
typed in answer,"1) Trying to find out which wildlife causes the most damage. Medium size wildlife cause substantial damage.

2) Trying to find out which airport cause most wildlife attacks and the most repairs. It is Austin-Bergstrom Intl airport. 

3) Substantial damage is done during climb and ",1604541644150
typed in answer,"1) Trying to find out which wildlife causes the most damage. Medium size wildlife cause substantial damage.

2) Trying to find out which airport cause most wildlife attacks and the most repairs. It is Austin-Bergstrom Intl airport. 

3) Substantial damage is done during climb and t",1604541644526
typed in answer,"1) Trying to find out which wildlife causes the most damage. Medium size wildlife cause substantial damage.

2) Trying to find out which airport cause most wildlife attacks and the most repairs. It is Austin-Bergstrom Intl airport. 

3) Substantial damage is done during climb and ta",1604541644886
typed in answer,"1) Trying to find out which wildlife causes the most damage. Medium size wildlife cause substantial damage.

2) Trying to find out which airport cause most wildlife attacks and the most repairs. It is Austin-Bergstrom Intl airport. 

3) Substantial damage is done during climb and tak",1604541645605
typed in answer,"1) Trying to find out which wildlife causes the most damage. Medium size wildlife cause substantial damage.

2) Trying to find out which airport cause most wildlife attacks and the most repairs. It is Austin-Bergstrom Intl airport. 

3) Substantial damage is done during climb and take",1604541645696
typed in answer,"1) Trying to find out which wildlife causes the most damage. Medium size wildlife cause substantial damage.

2) Trying to find out which airport cause most wildlife attacks and the most repairs. It is Austin-Bergstrom Intl airport. 

3) Substantial damage is done during climb and take-",1604541646069
typed in answer,"1) Trying to find out which wildlife causes the most damage. Medium size wildlife cause substantial damage.

2) Trying to find out which airport cause most wildlife attacks and the most repairs. It is Austin-Bergstrom Intl airport. 

3) Substantial damage is done during climb and take-o",1604541646295
typed in answer,"1) Trying to find out which wildlife causes the most damage. Medium size wildlife cause substantial damage.

2) Trying to find out which airport cause most wildlife attacks and the most repairs. It is Austin-Bergstrom Intl airport. 

3) Substantial damage is done during climb and take-of",1604541646490
typed in answer,"1) Trying to find out which wildlife causes the most damage. Medium size wildlife cause substantial damage.

2) Trying to find out which airport cause most wildlife attacks and the most repairs. It is Austin-Bergstrom Intl airport. 

3) Substantial damage is done during climb and take-off",1604541646625
typed in answer,"1) Trying to find out which wildlife causes the most damage. Medium size wildlife cause substantial damage.

2) Trying to find out which airport cause most wildlife attacks and the most repairs. It is Austin-Bergstrom Intl airport. 

3) Substantial damage is done during climb and take-off ",1604541646745
typed in answer,"1) Trying to find out which wildlife causes the most damage. Medium size wildlife cause substantial damage.

2) Trying to find out which airport cause most wildlife attacks and the most repairs. It is Austin-Bergstrom Intl airport. 

3) Substantial damage is done during climb and take-off r",1604541646910
typed in answer,"1) Trying to find out which wildlife causes the most damage. Medium size wildlife cause substantial damage.

2) Trying to find out which airport cause most wildlife attacks and the most repairs. It is Austin-Bergstrom Intl airport. 

3) Substantial damage is done during climb and take-off ru",1604541647013
typed in answer,"1) Trying to find out which wildlife causes the most damage. Medium size wildlife cause substantial damage.

2) Trying to find out which airport cause most wildlife attacks and the most repairs. It is Austin-Bergstrom Intl airport. 

3) Substantial damage is done during climb and take-off run",1604541647119
typed in answer,"1) Trying to find out which wildlife causes the most damage. Medium size wildlife cause substantial damage.

2) Trying to find out which airport cause most wildlife attacks and the most repairs. It is Austin-Bergstrom Intl airport. 

3) Substantial damage is done during climb and take-off run ",1604541647332
typed in answer,"1) Trying to find out which wildlife causes the most damage. Medium size wildlife cause substantial damage.

2) Trying to find out which airport cause most wildlife attacks and the most repairs. It is Austin-Bergstrom Intl airport. 

3) Substantial damage is done during climb and take-off run p",1604541647599
typed in answer,"1) Trying to find out which wildlife causes the most damage. Medium size wildlife cause substantial damage.

2) Trying to find out which airport cause most wildlife attacks and the most repairs. It is Austin-Bergstrom Intl airport. 

3) Substantial damage is done during climb and take-off run ph",1604541647825
typed in answer,"1) Trying to find out which wildlife causes the most damage. Medium size wildlife cause substantial damage.

2) Trying to find out which airport cause most wildlife attacks and the most repairs. It is Austin-Bergstrom Intl airport. 

3) Substantial damage is done during climb and take-off run pha",1604541647900
typed in answer,"1) Trying to find out which wildlife causes the most damage. Medium size wildlife cause substantial damage.

2) Trying to find out which airport cause most wildlife attacks and the most repairs. It is Austin-Bergstrom Intl airport. 

3) Substantial damage is done during climb and take-off run phas",1604541648003
typed in answer,"1) Trying to find out which wildlife causes the most damage. Medium size wildlife cause substantial damage.

2) Trying to find out which airport cause most wildlife attacks and the most repairs. It is Austin-Bergstrom Intl airport. 

3) Substantial damage is done during climb and take-off run phase",1604541648245
typed in answer,"1) Trying to find out which wildlife causes the most damage. Medium size wildlife cause substantial damage.

2) Trying to find out which airport cause most wildlife attacks and the most repairs. It is Austin-Bergstrom Intl airport. 

3) Substantial damage is done during climb and take-off run phase.",1604541648365
typed in answer,"1) Trying to find out which wildlife causes the most damage. Medium size wildlife cause substantial damage.

2) Trying to find out which airport cause most wildlife attacks and the most repairs. It is Austin-Bergstrom Intl airport. 

3) Substantial damage is done during climb and take-off run phase. ",1604541648560
mouseover a related chart,"mark:bar;encoding:-quantitative-x<aggregate>count,Effect_Amount_of_damage-nominal-color,When_Phase_of_flight-nominal-y",1604541650134
mouseout a related chart,"mark:bar;encoding:-quantitative-x<aggregate>count,Effect_Amount_of_damage-nominal-color,When_Phase_of_flight-nominal-y",1604541650321
mouseover a related chart,"mark:bar;encoding:-quantitative-x<aggregate>count,Effect_Amount_of_damage-nominal-color,When_Phase_of_flight-nominal-y",1604541650321
mouseout a related chart,"mark:bar;encoding:-quantitative-x<aggregate>count,Effect_Amount_of_damage-nominal-color,When_Phase_of_flight-nominal-y",1604541650383
added chart to bookmark,"mark:bar;encoding:-quantitative-x<aggregate>count,Effect_Amount_of_damage-nominal-color,When_Phase_of_flight-nominal-y",1604541651978
mouseover a related chart,"mark:bar;encoding:-quantitative-x<aggregate>count,Flight_Date-nominal-row,When_Phase_of_flight-nominal-y",1604541652694
scroll up,,1604541652726
mouseout a related chart,"mark:bar;encoding:-quantitative-x<aggregate>count,Flight_Date-nominal-row,When_Phase_of_flight-nominal-y",1604541652757
scroll up,,1604541652757
scroll up,,1604541652788
scroll up,,1604541652820
scroll up,,1604541652851
mouseover on the specified chart,"mark:bar;encoding:-quantitative-x<aggregate>count,When_Phase_of_flight-nominal-y",1604541652882
scroll up,,1604541652883
scroll up,,1604541652914
mouseout on the specified chart,"mark:bar;encoding:-quantitative-x<aggregate>count,When_Phase_of_flight-nominal-y",1604541653100
clicked on a field,remove When_Phase_of_flight,1604541653947
clicked on a field,remove undefined,1604541657964
clicked on a field,add Flight_Date,1604541659606
main chart changed because of clicking a field,"mark:bar;encoding:-quantitative-x<aggregate>count,Flight_Date-nominal-y",1604541659622
mouseover on the specified chart,"mark:bar;encoding:-quantitative-x<aggregate>count,Flight_Date-nominal-y",1604541660428
mouseout on the specified chart,"mark:bar;encoding:-quantitative-x<aggregate>count,Flight_Date-nominal-y",1604541660490
scroll down,,1604541663518
scroll down,,1604541663549
scroll down,,1604541663581
scroll down,,1604541663613
scroll down,,1604541663643
scroll down,,1604541663675
scroll down,,1604541663706
scroll down,,1604541663736
scroll down,,1604541663767
mouseover on the specified chart,"mark:bar;encoding:-quantitative-x<aggregate>count,Flight_Date-nominal-y",1604541664333
mouseout on the specified chart,"mark:bar;encoding:-quantitative-x<aggregate>count,Flight_Date-nominal-y",1604541664396
mouseover on the specified chart,"mark:bar;encoding:-quantitative-x<aggregate>count,Flight_Date-nominal-y",1604541664396
mouseout on the specified chart,"mark:bar;encoding:-quantitative-x<aggregate>count,Flight_Date-nominal-y",1604541664552
mouseover on the specified chart,"mark:bar;encoding:-quantitative-x<aggregate>count,Flight_Date-nominal-y",1604541664552
mouseout on the specified chart,"mark:bar;encoding:-quantitative-x<aggregate>count,Flight_Date-nominal-y",1604541664723
mouseover on the specified chart,"mark:bar;encoding:-quantitative-x<aggregate>count,Flight_Date-nominal-y",1604541664723
mouseout on the specified chart,"mark:bar;encoding:-quantitative-x<aggregate>count,Flight_Date-nominal-y",1604541664754
clicked on a field,remove undefined,1604541667864
main chart changed because of clicking a field,"mark:bar;encoding:-quantitative-x<aggregate>count,Flight_Date-nominal-y",1604541667880
clicked on a field,add When_Time_of_day,1604541667988
main chart changed because of clicking a field,"mark:point;encoding:-quantitative-size<aggregate>count,Flight_Date-nominal-y,When_Time_of_day-nominal-x",1604541668000
scroll up,,1604541668052
mouseover on the specified chart,"mark:point;encoding:-quantitative-size<aggregate>count,Flight_Date-nominal-y,When_Time_of_day-nominal-x",1604541668981
mouseout on the specified chart,"mark:point;encoding:-quantitative-size<aggregate>count,Flight_Date-nominal-y,When_Time_of_day-nominal-x",1604541669223
scroll down,,1604541670428
scroll down,,1604541670460
scroll down,,1604541670492
scroll down,,1604541670523
scroll down,,1604541670554
scroll down,,1604541670585
scroll down,,1604541670617
scroll down,,1604541670648
scroll down,,1604541670680
scroll down,,1604541670710
scroll down,,1604541670741
scroll down,,1604541670773
clicked on a field,add Effect_Amount_of_damage,1604541677843
main chart changed because of clicking a field,"mark:point;encoding:-quantitative-size<aggregate>count,Effect_Amount_of_damage-nominal-x,Flight_Date-nominal-y,When_Time_of_day-nominal-color",1604541677859
scroll up,,1604541677898
mouseover on the specified chart,"mark:point;encoding:-quantitative-size<aggregate>count,Effect_Amount_of_damage-nominal-x,Flight_Date-nominal-y,When_Time_of_day-nominal-color",1604541679778
mouseout on the specified chart,"mark:point;encoding:-quantitative-size<aggregate>count,Effect_Amount_of_damage-nominal-x,Flight_Date-nominal-y,When_Time_of_day-nominal-color",1604541681012
mouseover on the specified chart,"mark:point;encoding:-quantitative-size<aggregate>count,Effect_Amount_of_damage-nominal-x,Flight_Date-nominal-y,When_Time_of_day-nominal-color",1604541681012
mouseout on the specified chart,"mark:point;encoding:-quantitative-size<aggregate>count,Effect_Amount_of_damage-nominal-x,Flight_Date-nominal-y,When_Time_of_day-nominal-color",1604541681073
mouseover on the specified chart,"mark:point;encoding:-quantitative-size<aggregate>count,Effect_Amount_of_damage-nominal-x,Flight_Date-nominal-y,When_Time_of_day-nominal-color",1604541681417
mouseout on the specified chart,"mark:point;encoding:-quantitative-size<aggregate>count,Effect_Amount_of_damage-nominal-x,Flight_Date-nominal-y,When_Time_of_day-nominal-color",1604541681450
mouseover on the specified chart,"mark:point;encoding:-quantitative-size<aggregate>count,Effect_Amount_of_damage-nominal-x,Flight_Date-nominal-y,When_Time_of_day-nominal-color",1604541681450
mouseout on the specified chart,"mark:point;encoding:-quantitative-size<aggregate>count,Effect_Amount_of_damage-nominal-x,Flight_Date-nominal-y,When_Time_of_day-nominal-color",1604541697978
typed in answer,"1) Trying to find out which wildlife causes the most damage. Medium size wildlife cause substantial damage.

2) Trying to find out which airport cause most wildlife attacks and the most repairs. It is Austin-Bergstrom Intl airport. 

3) Substantial damage is done during climb and take-off run phase. 
",1604541699665
typed in answer,"1) Trying to find out which wildlife causes the most damage. Medium size wildlife cause substantial damage.

2) Trying to find out which airport cause most wildlife attacks and the most repairs. It is Austin-Bergstrom Intl airport. 

3) Substantial damage is done during climb and take-off run phase. 

",1604541700354
typed in answer,"1) Trying to find out which wildlife causes the most damage. Medium size wildlife cause substantial damage.

2) Trying to find out which airport cause most wildlife attacks and the most repairs. It is Austin-Bergstrom Intl airport. 

3) Substantial damage is done during climb and take-off run phase. 

4",1604541700626
typed in answer,"1) Trying to find out which wildlife causes the most damage. Medium size wildlife cause substantial damage.

2) Trying to find out which airport cause most wildlife attacks and the most repairs. It is Austin-Bergstrom Intl airport. 

3) Substantial damage is done during climb and take-off run phase. 

4)",1604541701180
typed in answer,"1) Trying to find out which wildlife causes the most damage. Medium size wildlife cause substantial damage.

2) Trying to find out which airport cause most wildlife attacks and the most repairs. It is Austin-Bergstrom Intl airport. 

3) Substantial damage is done during climb and take-off run phase. 

4) ",1604541701465
typed in answer,"1) Trying to find out which wildlife causes the most damage. Medium size wildlife cause substantial damage.

2) Trying to find out which airport cause most wildlife attacks and the most repairs. It is Austin-Bergstrom Intl airport. 

3) Substantial damage is done during climb and take-off run phase. 

4) W",1604541701796
typed in answer,"1) Trying to find out which wildlife causes the most damage. Medium size wildlife cause substantial damage.

2) Trying to find out which airport cause most wildlife attacks and the most repairs. It is Austin-Bergstrom Intl airport. 

3) Substantial damage is done during climb and take-off run phase. 

4) Wh",1604541702003
typed in answer,"1) Trying to find out which wildlife causes the most damage. Medium size wildlife cause substantial damage.

2) Trying to find out which airport cause most wildlife attacks and the most repairs. It is Austin-Bergstrom Intl airport. 

3) Substantial damage is done during climb and take-off run phase. 

4) Whi",1604541702155
typed in answer,"1) Trying to find out which wildlife causes the most damage. Medium size wildlife cause substantial damage.

2) Trying to find out which airport cause most wildlife attacks and the most repairs. It is Austin-Bergstrom Intl airport. 

3) Substantial damage is done during climb and take-off run phase. 

4) Whic",1604541702350
typed in answer,"1) Trying to find out which wildlife causes the most damage. Medium size wildlife cause substantial damage.

2) Trying to find out which airport cause most wildlife attacks and the most repairs. It is Austin-Bergstrom Intl airport. 

3) Substantial damage is done during climb and take-off run phase. 

4) Which",1604541702409
typed in answer,"1) Trying to find out which wildlife causes the most damage. Medium size wildlife cause substantial damage.

2) Trying to find out which airport cause most wildlife attacks and the most repairs. It is Austin-Bergstrom Intl airport. 

3) Substantial damage is done during climb and take-off run phase. 

4) Which ",1604541702620
typed in answer,"1) Trying to find out which wildlife causes the most damage. Medium size wildlife cause substantial damage.

2) Trying to find out which airport cause most wildlife attacks and the most repairs. It is Austin-Bergstrom Intl airport. 

3) Substantial damage is done during climb and take-off run phase. 

4) Which p",1604541702815
typed in answer,"1) Trying to find out which wildlife causes the most damage. Medium size wildlife cause substantial damage.

2) Trying to find out which airport cause most wildlife attacks and the most repairs. It is Austin-Bergstrom Intl airport. 

3) Substantial damage is done during climb and take-off run phase. 

4) Which pa",1604541703340
typed in answer,"1) Trying to find out which wildlife causes the most damage. Medium size wildlife cause substantial damage.

2) Trying to find out which airport cause most wildlife attacks and the most repairs. It is Austin-Bergstrom Intl airport. 

3) Substantial damage is done during climb and take-off run phase. 

4) Which par",1604541703640
typed in answer,"1) Trying to find out which wildlife causes the most damage. Medium size wildlife cause substantial damage.

2) Trying to find out which airport cause most wildlife attacks and the most repairs. It is Austin-Bergstrom Intl airport. 

3) Substantial damage is done during climb and take-off run phase. 

4) Which part",1604541703851
typed in answer,"1) Trying to find out which wildlife causes the most damage. Medium size wildlife cause substantial damage.

2) Trying to find out which airport cause most wildlife attacks and the most repairs. It is Austin-Bergstrom Intl airport. 

3) Substantial damage is done during climb and take-off run phase. 

4) Which part ",1604541703956
typed in answer,"1) Trying to find out which wildlife causes the most damage. Medium size wildlife cause substantial damage.

2) Trying to find out which airport cause most wildlife attacks and the most repairs. It is Austin-Bergstrom Intl airport. 

3) Substantial damage is done during climb and take-off run phase. 

4) Which part o",1604541704121
typed in answer,"1) Trying to find out which wildlife causes the most damage. Medium size wildlife cause substantial damage.

2) Trying to find out which airport cause most wildlife attacks and the most repairs. It is Austin-Bergstrom Intl airport. 

3) Substantial damage is done during climb and take-off run phase. 

4) Which part of",1604541704193
typed in answer,"1) Trying to find out which wildlife causes the most damage. Medium size wildlife cause substantial damage.

2) Trying to find out which airport cause most wildlife attacks and the most repairs. It is Austin-Bergstrom Intl airport. 

3) Substantial damage is done during climb and take-off run phase. 

4) Which part of ",1604541704346
typed in answer,"1) Trying to find out which wildlife causes the most damage. Medium size wildlife cause substantial damage.

2) Trying to find out which airport cause most wildlife attacks and the most repairs. It is Austin-Bergstrom Intl airport. 

3) Substantial damage is done during climb and take-off run phase. 

4) Which part of d",1604541704555
typed in answer,"1) Trying to find out which wildlife causes the most damage. Medium size wildlife cause substantial damage.

2) Trying to find out which airport cause most wildlife attacks and the most repairs. It is Austin-Bergstrom Intl airport. 

3) Substantial damage is done during climb and take-off run phase. 

4) Which part of da",1604541704781
typed in answer,"1) Trying to find out which wildlife causes the most damage. Medium size wildlife cause substantial damage.

2) Trying to find out which airport cause most wildlife attacks and the most repairs. It is Austin-Bergstrom Intl airport. 

3) Substantial damage is done during climb and take-off run phase. 

4) Which part of da ",1604541705079
typed in answer,"1) Trying to find out which wildlife causes the most damage. Medium size wildlife cause substantial damage.

2) Trying to find out which airport cause most wildlife attacks and the most repairs. It is Austin-Bergstrom Intl airport. 

3) Substantial damage is done during climb and take-off run phase. 

4) Which part of da",1604541705485
typed in answer,"1) Trying to find out which wildlife causes the most damage. Medium size wildlife cause substantial damage.

2) Trying to find out which airport cause most wildlife attacks and the most repairs. It is Austin-Bergstrom Intl airport. 

3) Substantial damage is done during climb and take-off run phase. 

4) Which part of day",1604541705785
typed in answer,"1) Trying to find out which wildlife causes the most damage. Medium size wildlife cause substantial damage.

2) Trying to find out which airport cause most wildlife attacks and the most repairs. It is Austin-Bergstrom Intl airport. 

3) Substantial damage is done during climb and take-off run phase. 

4) Which part of day ",1604541705978
typed in answer,"1) Trying to find out which wildlife causes the most damage. Medium size wildlife cause substantial damage.

2) Trying to find out which airport cause most wildlife attacks and the most repairs. It is Austin-Bergstrom Intl airport. 

3) Substantial damage is done during climb and take-off run phase. 

4) Which part of day c",1604541706131
typed in answer,"1) Trying to find out which wildlife causes the most damage. Medium size wildlife cause substantial damage.

2) Trying to find out which airport cause most wildlife attacks and the most repairs. It is Austin-Bergstrom Intl airport. 

3) Substantial damage is done during climb and take-off run phase. 

4) Which part of day ca",1604541706325
typed in answer,"1) Trying to find out which wildlife causes the most damage. Medium size wildlife cause substantial damage.

2) Trying to find out which airport cause most wildlife attacks and the most repairs. It is Austin-Bergstrom Intl airport. 

3) Substantial damage is done during climb and take-off run phase. 

4) Which part of day cau",1604541706460
typed in answer,"1) Trying to find out which wildlife causes the most damage. Medium size wildlife cause substantial damage.

2) Trying to find out which airport cause most wildlife attacks and the most repairs. It is Austin-Bergstrom Intl airport. 

3) Substantial damage is done during climb and take-off run phase. 

4) Which part of day caus",1604541706640
typed in answer,"1) Trying to find out which wildlife causes the most damage. Medium size wildlife cause substantial damage.

2) Trying to find out which airport cause most wildlife attacks and the most repairs. It is Austin-Bergstrom Intl airport. 

3) Substantial damage is done during climb and take-off run phase. 

4) Which part of day cause",1604541706880
typed in answer,"1) Trying to find out which wildlife causes the most damage. Medium size wildlife cause substantial damage.

2) Trying to find out which airport cause most wildlife attacks and the most repairs. It is Austin-Bergstrom Intl airport. 

3) Substantial damage is done during climb and take-off run phase. 

4) Which part of day causes",1604541707105
typed in answer,"1) Trying to find out which wildlife causes the most damage. Medium size wildlife cause substantial damage.

2) Trying to find out which airport cause most wildlife attacks and the most repairs. It is Austin-Bergstrom Intl airport. 

3) Substantial damage is done during climb and take-off run phase. 

4) Which part of day causes ",1604541707180
typed in answer,"1) Trying to find out which wildlife causes the most damage. Medium size wildlife cause substantial damage.

2) Trying to find out which airport cause most wildlife attacks and the most repairs. It is Austin-Bergstrom Intl airport. 

3) Substantial damage is done during climb and take-off run phase. 

4) Which part of day causes t",1604541707345
typed in answer,"1) Trying to find out which wildlife causes the most damage. Medium size wildlife cause substantial damage.

2) Trying to find out which airport cause most wildlife attacks and the most repairs. It is Austin-Bergstrom Intl airport. 

3) Substantial damage is done during climb and take-off run phase. 

4) Which part of day causes th",1604541707465
typed in answer,"1) Trying to find out which wildlife causes the most damage. Medium size wildlife cause substantial damage.

2) Trying to find out which airport cause most wildlife attacks and the most repairs. It is Austin-Bergstrom Intl airport. 

3) Substantial damage is done during climb and take-off run phase. 

4) Which part of day causes the",1604541707615
typed in answer,"1) Trying to find out which wildlife causes the most damage. Medium size wildlife cause substantial damage.

2) Trying to find out which airport cause most wildlife attacks and the most repairs. It is Austin-Bergstrom Intl airport. 

3) Substantial damage is done during climb and take-off run phase. 

4) Which part of day causes the ",1604541707674
typed in answer,"1) Trying to find out which wildlife causes the most damage. Medium size wildlife cause substantial damage.

2) Trying to find out which airport cause most wildlife attacks and the most repairs. It is Austin-Bergstrom Intl airport. 

3) Substantial damage is done during climb and take-off run phase. 

4) Which part of day causes the m",1604541707870
typed in answer,"1) Trying to find out which wildlife causes the most damage. Medium size wildlife cause substantial damage.

2) Trying to find out which airport cause most wildlife attacks and the most repairs. It is Austin-Bergstrom Intl airport. 

3) Substantial damage is done during climb and take-off run phase. 

4) Which part of day causes the mo",1604541708018
typed in answer,"1) Trying to find out which wildlife causes the most damage. Medium size wildlife cause substantial damage.

2) Trying to find out which airport cause most wildlife attacks and the most repairs. It is Austin-Bergstrom Intl airport. 

3) Substantial damage is done during climb and take-off run phase. 

4) Which part of day causes the mos",1604541708186
typed in answer,"1) Trying to find out which wildlife causes the most damage. Medium size wildlife cause substantial damage.

2) Trying to find out which airport cause most wildlife attacks and the most repairs. It is Austin-Bergstrom Intl airport. 

3) Substantial damage is done during climb and take-off run phase. 

4) Which part of day causes the most",1604541708425
typed in answer,"1) Trying to find out which wildlife causes the most damage. Medium size wildlife cause substantial damage.

2) Trying to find out which airport cause most wildlife attacks and the most repairs. It is Austin-Bergstrom Intl airport. 

3) Substantial damage is done during climb and take-off run phase. 

4) Which part of day causes the most ",1604541708560
typed in answer,"1) Trying to find out which wildlife causes the most damage. Medium size wildlife cause substantial damage.

2) Trying to find out which airport cause most wildlife attacks and the most repairs. It is Austin-Bergstrom Intl airport. 

3) Substantial damage is done during climb and take-off run phase. 

4) Which part of day causes the most d",1604541708708
typed in answer,"1) Trying to find out which wildlife causes the most damage. Medium size wildlife cause substantial damage.

2) Trying to find out which airport cause most wildlife attacks and the most repairs. It is Austin-Bergstrom Intl airport. 

3) Substantial damage is done during climb and take-off run phase. 

4) Which part of day causes the most da",1604541709293
typed in answer,"1) Trying to find out which wildlife causes the most damage. Medium size wildlife cause substantial damage.

2) Trying to find out which airport cause most wildlife attacks and the most repairs. It is Austin-Bergstrom Intl airport. 

3) Substantial damage is done during climb and take-off run phase. 

4) Which part of day causes the most daa",1604541709578
typed in answer,"1) Trying to find out which wildlife causes the most damage. Medium size wildlife cause substantial damage.

2) Trying to find out which airport cause most wildlife attacks and the most repairs. It is Austin-Bergstrom Intl airport. 

3) Substantial damage is done during climb and take-off run phase. 

4) Which part of day causes the most da",1604541710013
typed in answer,"1) Trying to find out which wildlife causes the most damage. Medium size wildlife cause substantial damage.

2) Trying to find out which airport cause most wildlife attacks and the most repairs. It is Austin-Bergstrom Intl airport. 

3) Substantial damage is done during climb and take-off run phase. 

4) Which part of day causes the most dam",1604541711197
typed in answer,"1) Trying to find out which wildlife causes the most damage. Medium size wildlife cause substantial damage.

2) Trying to find out which airport cause most wildlife attacks and the most repairs. It is Austin-Bergstrom Intl airport. 

3) Substantial damage is done during climb and take-off run phase. 

4) Which part of day causes the most dama",1604541711317
typed in answer,"1) Trying to find out which wildlife causes the most damage. Medium size wildlife cause substantial damage.

2) Trying to find out which airport cause most wildlife attacks and the most repairs. It is Austin-Bergstrom Intl airport. 

3) Substantial damage is done during climb and take-off run phase. 

4) Which part of day causes the most damag",1604541711498
typed in answer,"1) Trying to find out which wildlife causes the most damage. Medium size wildlife cause substantial damage.

2) Trying to find out which airport cause most wildlife attacks and the most repairs. It is Austin-Bergstrom Intl airport. 

3) Substantial damage is done during climb and take-off run phase. 

4) Which part of day causes the most damage",1604541711618
mouseover on the specified chart,"mark:point;encoding:-quantitative-size<aggregate>count,Effect_Amount_of_damage-nominal-x,Flight_Date-nominal-y,When_Time_of_day-nominal-color",1604541712983
mouseout on the specified chart,"mark:point;encoding:-quantitative-size<aggregate>count,Effect_Amount_of_damage-nominal-x,Flight_Date-nominal-y,When_Time_of_day-nominal-color",1604541713013
mouseover on the specified chart,"mark:point;encoding:-quantitative-size<aggregate>count,Effect_Amount_of_damage-nominal-x,Flight_Date-nominal-y,When_Time_of_day-nominal-color",1604541713013
mouseout on the specified chart,"mark:point;encoding:-quantitative-size<aggregate>count,Effect_Amount_of_damage-nominal-x,Flight_Date-nominal-y,When_Time_of_day-nominal-color",1604541713138
mouseover on the specified chart,"mark:point;encoding:-quantitative-size<aggregate>count,Effect_Amount_of_damage-nominal-x,Flight_Date-nominal-y,When_Time_of_day-nominal-color",1604541713138
mouseout on the specified chart,"mark:point;encoding:-quantitative-size<aggregate>count,Effect_Amount_of_damage-nominal-x,Flight_Date-nominal-y,When_Time_of_day-nominal-color",1604541713170
clicked on a field,remove Flight_Date,1604541714979
main chart changed because of clicking a field,"mark:point;encoding:-quantitative-size<aggregate>count,Effect_Amount_of_damage-nominal-x,When_Time_of_day-nominal-y",1604541715008
mouseover on the specified chart,"mark:point;encoding:-quantitative-size<aggregate>count,Effect_Amount_of_damage-nominal-x,When_Time_of_day-nominal-y",1604541716142
mouseout on the specified chart,"mark:point;encoding:-quantitative-size<aggregate>count,Effect_Amount_of_damage-nominal-x,When_Time_of_day-nominal-y",1604541716174
mouseover on the specified chart,"mark:point;encoding:-quantitative-size<aggregate>count,Effect_Amount_of_damage-nominal-x,When_Time_of_day-nominal-y",1604541716175
mouseout on the specified chart,"mark:point;encoding:-quantitative-size<aggregate>count,Effect_Amount_of_damage-nominal-x,When_Time_of_day-nominal-y",1604541720903
typed in answer,"1) Trying to find out which wildlife causes the most damage. Medium size wildlife cause substantial damage.

2) Trying to find out which airport cause most wildlife attacks and the most repairs. It is Austin-Bergstrom Intl airport. 

3) Substantial damage is done during climb and take-off run phase. 

4) Which part of day causes the most damage.",1604541722886
typed in answer,"1) Trying to find out which wildlife causes the most damage. Medium size wildlife cause substantial damage.

2) Trying to find out which airport cause most wildlife attacks and the most repairs. It is Austin-Bergstrom Intl airport. 

3) Substantial damage is done during climb and take-off run phase. 

4) Which part of day causes the most damage. ",1604541723063
typed in answer,"1) Trying to find out which wildlife causes the most damage. Medium size wildlife cause substantial damage.

2) Trying to find out which airport cause most wildlife attacks and the most repairs. It is Austin-Bergstrom Intl airport. 

3) Substantial damage is done during climb and take-off run phase. 

4) Which part of day causes the most damage. I",1604541723424
typed in answer,"1) Trying to find out which wildlife causes the most damage. Medium size wildlife cause substantial damage.

2) Trying to find out which airport cause most wildlife attacks and the most repairs. It is Austin-Bergstrom Intl airport. 

3) Substantial damage is done during climb and take-off run phase. 

4) Which part of day causes the most damage. It",1604541723591
typed in answer,"1) Trying to find out which wildlife causes the most damage. Medium size wildlife cause substantial damage.

2) Trying to find out which airport cause most wildlife attacks and the most repairs. It is Austin-Bergstrom Intl airport. 

3) Substantial damage is done during climb and take-off run phase. 

4) Which part of day causes the most damage. It ",1604541723696
typed in answer,"1) Trying to find out which wildlife causes the most damage. Medium size wildlife cause substantial damage.

2) Trying to find out which airport cause most wildlife attacks and the most repairs. It is Austin-Bergstrom Intl airport. 

3) Substantial damage is done during climb and take-off run phase. 

4) Which part of day causes the most damage. It i",1604541723861
typed in answer,"1) Trying to find out which wildlife causes the most damage. Medium size wildlife cause substantial damage.

2) Trying to find out which airport cause most wildlife attacks and the most repairs. It is Austin-Bergstrom Intl airport. 

3) Substantial damage is done during climb and take-off run phase. 

4) Which part of day causes the most damage. It is",1604541723980
typed in answer,"1) Trying to find out which wildlife causes the most damage. Medium size wildlife cause substantial damage.

2) Trying to find out which airport cause most wildlife attacks and the most repairs. It is Austin-Bergstrom Intl airport. 

3) Substantial damage is done during climb and take-off run phase. 

4) Which part of day causes the most damage. It is ",1604541724069
typed in answer,"1) Trying to find out which wildlife causes the most damage. Medium size wildlife cause substantial damage.

2) Trying to find out which airport cause most wildlife attacks and the most repairs. It is Austin-Bergstrom Intl airport. 

3) Substantial damage is done during climb and take-off run phase. 

4) Which part of day causes the most damage. It is d",1604541724370
typed in answer,"1) Trying to find out which wildlife causes the most damage. Medium size wildlife cause substantial damage.

2) Trying to find out which airport cause most wildlife attacks and the most repairs. It is Austin-Bergstrom Intl airport. 

3) Substantial damage is done during climb and take-off run phase. 

4) Which part of day causes the most damage. It is du",1604541724490
typed in answer,"1) Trying to find out which wildlife causes the most damage. Medium size wildlife cause substantial damage.

2) Trying to find out which airport cause most wildlife attacks and the most repairs. It is Austin-Bergstrom Intl airport. 

3) Substantial damage is done during climb and take-off run phase. 

4) Which part of day causes the most damage. It is dur",1604541724596
typed in answer,"1) Trying to find out which wildlife causes the most damage. Medium size wildlife cause substantial damage.

2) Trying to find out which airport cause most wildlife attacks and the most repairs. It is Austin-Bergstrom Intl airport. 

3) Substantial damage is done during climb and take-off run phase. 

4) Which part of day causes the most damage. It is duri",1604541724668
typed in answer,"1) Trying to find out which wildlife causes the most damage. Medium size wildlife cause substantial damage.

2) Trying to find out which airport cause most wildlife attacks and the most repairs. It is Austin-Bergstrom Intl airport. 

3) Substantial damage is done during climb and take-off run phase. 

4) Which part of day causes the most damage. It is durin",1604541724759
typed in answer,"1) Trying to find out which wildlife causes the most damage. Medium size wildlife cause substantial damage.

2) Trying to find out which airport cause most wildlife attacks and the most repairs. It is Austin-Bergstrom Intl airport. 

3) Substantial damage is done during climb and take-off run phase. 

4) Which part of day causes the most damage. It is during",1604541724865
typed in answer,"1) Trying to find out which wildlife causes the most damage. Medium size wildlife cause substantial damage.

2) Trying to find out which airport cause most wildlife attacks and the most repairs. It is Austin-Bergstrom Intl airport. 

3) Substantial damage is done during climb and take-off run phase. 

4) Which part of day causes the most damage. It is during ",1604541724955
typed in answer,"1) Trying to find out which wildlife causes the most damage. Medium size wildlife cause substantial damage.

2) Trying to find out which airport cause most wildlife attacks and the most repairs. It is Austin-Bergstrom Intl airport. 

3) Substantial damage is done during climb and take-off run phase. 

4) Which part of day causes the most damage. It is during t",1604541725075
typed in answer,"1) Trying to find out which wildlife causes the most damage. Medium size wildlife cause substantial damage.

2) Trying to find out which airport cause most wildlife attacks and the most repairs. It is Austin-Bergstrom Intl airport. 

3) Substantial damage is done during climb and take-off run phase. 

4) Which part of day causes the most damage. It is during th",1604541725150
typed in answer,"1) Trying to find out which wildlife causes the most damage. Medium size wildlife cause substantial damage.

2) Trying to find out which airport cause most wildlife attacks and the most repairs. It is Austin-Bergstrom Intl airport. 

3) Substantial damage is done during climb and take-off run phase. 

4) Which part of day causes the most damage. It is during the",1604541725314
typed in answer,"1) Trying to find out which wildlife causes the most damage. Medium size wildlife cause substantial damage.

2) Trying to find out which airport cause most wildlife attacks and the most repairs. It is Austin-Bergstrom Intl airport. 

3) Substantial damage is done during climb and take-off run phase. 

4) Which part of day causes the most damage. It is during the ",1604541725375
typed in answer,"1) Trying to find out which wildlife causes the most damage. Medium size wildlife cause substantial damage.

2) Trying to find out which airport cause most wildlife attacks and the most repairs. It is Austin-Bergstrom Intl airport. 

3) Substantial damage is done during climb and take-off run phase. 

4) Which part of day causes the most damage. It is during the d",1604541725525
typed in answer,"1) Trying to find out which wildlife causes the most damage. Medium size wildlife cause substantial damage.

2) Trying to find out which airport cause most wildlife attacks and the most repairs. It is Austin-Bergstrom Intl airport. 

3) Substantial damage is done during climb and take-off run phase. 

4) Which part of day causes the most damage. It is during the da",1604541725705
typed in answer,"1) Trying to find out which wildlife causes the most damage. Medium size wildlife cause substantial damage.

2) Trying to find out which airport cause most wildlife attacks and the most repairs. It is Austin-Bergstrom Intl airport. 

3) Substantial damage is done during climb and take-off run phase. 

4) Which part of day causes the most damage. It is during the day",1604541725766
typed in answer,"1) Trying to find out which wildlife causes the most damage. Medium size wildlife cause substantial damage.

2) Trying to find out which airport cause most wildlife attacks and the most repairs. It is Austin-Bergstrom Intl airport. 

3) Substantial damage is done during climb and take-off run phase. 

4) Which part of day causes the most damage. It is during the day.",1604541726065
added chart to bookmark,"mark:point;encoding:-quantitative-size<aggregate>count,Effect_Amount_of_damage-nominal-x,When_Time_of_day-nominal-y",1604541727860
opened window,check bookmarks,1604541732508
closed window,bookmark popup,1604541734780
mouseover on the specified chart,"mark:point;encoding:-quantitative-size<aggregate>count,Effect_Amount_of_damage-nominal-x,When_Time_of_day-nominal-y",1604541735319
mouseout on the specified chart,"mark:point;encoding:-quantitative-size<aggregate>count,Effect_Amount_of_damage-nominal-x,When_Time_of_day-nominal-y",1604541735350
mouseover on the specified chart,"mark:point;encoding:-quantitative-size<aggregate>count,Effect_Amount_of_damage-nominal-x,When_Time_of_day-nominal-y",1604541735350
mouseout on the specified chart,"mark:point;encoding:-quantitative-size<aggregate>count,Effect_Amount_of_damage-nominal-x,When_Time_of_day-nominal-y",1604541735381
clicked on a field,remove undefined,1604541737345
main chart changed because of clicking a field,"mark:point;encoding:-quantitative-size<aggregate>count,Effect_Amount_of_damage-nominal-x,When_Time_of_day-nominal-y",1604541737369
clicked on a field,remove undefined,1604541738120
main chart changed because of clicking a field,"mark:point;encoding:-quantitative-size<aggregate>count,Effect_Amount_of_damage-nominal-x,When_Time_of_day-nominal-y",1604541738137
clicked on a field,remove When_Time_of_day,1604541738706
main chart changed because of clicking a field,"mark:bar;encoding:-quantitative-x<aggregate>count,Effect_Amount_of_damage-nominal-y",1604541738721
clicked on a field,remove Effect_Amount_of_damage,1604541739818
mouseover a related chart,"mark:bar;encoding:-quantitative-x<aggregate>count,Airport_Name-nominal-y",1604541740279
mouseout a related chart,"mark:bar;encoding:-quantitative-x<aggregate>count,Airport_Name-nominal-y",1604541740604
mouseover a related chart,"mark:bar;encoding:-quantitative-x<aggregate>count,Airport_Name-nominal-y",1604541740604
mouseout a related chart,"mark:bar;encoding:-quantitative-x<aggregate>count,Airport_Name-nominal-y",1604541741040
mouseover a related chart,"mark:bar;encoding:-quantitative-x<aggregate>count,Airport_Name-nominal-y",1604541741040
mouseout a related chart,"mark:bar;encoding:-quantitative-x<aggregate>count,Airport_Name-nominal-y",1604541741259
mouseover a related chart,"mark:bar;encoding:-quantitative-x<aggregate>count,Airport_Name-nominal-y",1604541742651
mouseout a related chart,"mark:bar;encoding:-quantitative-x<aggregate>count,Airport_Name-nominal-y",1604541742681
mouseover a related chart,"mark:bar;encoding:-quantitative-x<aggregate>count,Airport_Name-nominal-y",1604541742682
mouseout a related chart,"mark:bar;encoding:-quantitative-x<aggregate>count,Airport_Name-nominal-y",1604541742932
mouseover a related chart,"mark:bar;encoding:-quantitative-x<aggregate>count,Airport_Name-nominal-y",1604541742932
mouseout a related chart,"mark:bar;encoding:-quantitative-x<aggregate>count,Airport_Name-nominal-y",1604541742993
clicked on a field,add Aircraft_Make_Model,1604541752026
main chart changed because of clicking a field,"mark:bar;encoding:-quantitative-x<aggregate>count,Aircraft_Make_Model-nominal-y",1604541752053
clicked on a field,add Cost_Repair,1604541757190
main chart changed because of clicking a field,"mark:tick;encoding:Aircraft_Make_Model-nominal-y,Cost_Repair-quantitative-x",1604541757216
mouseover on the specified chart,"mark:tick;encoding:Aircraft_Make_Model-nominal-y,Cost_Repair-quantitative-x",1604541758240
mouseout on the specified chart,"mark:tick;encoding:Aircraft_Make_Model-nominal-y,Cost_Repair-quantitative-x",1604541762614
mouseover on the specified chart,"mark:tick;encoding:Aircraft_Make_Model-nominal-y,Cost_Repair-quantitative-x",1604541762615
mouseout on the specified chart,"mark:tick;encoding:Aircraft_Make_Model-nominal-y,Cost_Repair-quantitative-x",1604541762896
added chart to bookmark,"mark:tick;encoding:Aircraft_Make_Model-nominal-y,Cost_Repair-quantitative-x",1604541763197
typed in answer,"1) Trying to find out which wildlife causes the most damage. Medium size wildlife cause substantial damage.

2) Trying to find out which airport cause most wildlife attacks and the most repairs. It is Austin-Bergstrom Intl airport. 

3) Substantial damage is done during climb and take-off run phase. 

4) Which part of day causes the most damage. It is during the day.
",1604541765050
typed in answer,"1) Trying to find out which wildlife causes the most damage. Medium size wildlife cause substantial damage.

2) Trying to find out which airport cause most wildlife attacks and the most repairs. It is Austin-Bergstrom Intl airport. 

3) Substantial damage is done during climb and take-off run phase. 

4) Which part of day causes the most damage. It is during the day.
5",1604541765458
typed in answer,"1) Trying to find out which wildlife causes the most damage. Medium size wildlife cause substantial damage.

2) Trying to find out which airport cause most wildlife attacks and the most repairs. It is Austin-Bergstrom Intl airport. 

3) Substantial damage is done during climb and take-off run phase. 

4) Which part of day causes the most damage. It is during the day.
5)",1604541765830
typed in answer,"1) Trying to find out which wildlife causes the most damage. Medium size wildlife cause substantial damage.

2) Trying to find out which airport cause most wildlife attacks and the most repairs. It is Austin-Bergstrom Intl airport. 

3) Substantial damage is done during climb and take-off run phase. 

4) Which part of day causes the most damage. It is during the day.
5) ",1604541766508
typed in answer,"1) Trying to find out which wildlife causes the most damage. Medium size wildlife cause substantial damage.

2) Trying to find out which airport cause most wildlife attacks and the most repairs. It is Austin-Bergstrom Intl airport. 

3) Substantial damage is done during climb and take-off run phase. 

4) Which part of day causes the most damage. It is during the day.
5) A",1604541767691
typed in answer,"1) Trying to find out which wildlife causes the most damage. Medium size wildlife cause substantial damage.

2) Trying to find out which airport cause most wildlife attacks and the most repairs. It is Austin-Bergstrom Intl airport. 

3) Substantial damage is done during climb and take-off run phase. 

4) Which part of day causes the most damage. It is during the day.
5) ",1604541768487
typed in answer,"1) Trying to find out which wildlife causes the most damage. Medium size wildlife cause substantial damage.

2) Trying to find out which airport cause most wildlife attacks and the most repairs. It is Austin-Bergstrom Intl airport. 

3) Substantial damage is done during climb and take-off run phase. 

4) Which part of day causes the most damage. It is during the day.
5) W",1604541768858
typed in answer,"1) Trying to find out which wildlife causes the most damage. Medium size wildlife cause substantial damage.

2) Trying to find out which airport cause most wildlife attacks and the most repairs. It is Austin-Bergstrom Intl airport. 

3) Substantial damage is done during climb and take-off run phase. 

4) Which part of day causes the most damage. It is during the day.
5) Wh",1604541769069
typed in answer,"1) Trying to find out which wildlife causes the most damage. Medium size wildlife cause substantial damage.

2) Trying to find out which airport cause most wildlife attacks and the most repairs. It is Austin-Bergstrom Intl airport. 

3) Substantial damage is done during climb and take-off run phase. 

4) Which part of day causes the most damage. It is during the day.
5) Whi",1604541769533
typed in answer,"1) Trying to find out which wildlife causes the most damage. Medium size wildlife cause substantial damage.

2) Trying to find out which airport cause most wildlife attacks and the most repairs. It is Austin-Bergstrom Intl airport. 

3) Substantial damage is done during climb and take-off run phase. 

4) Which part of day causes the most damage. It is during the day.
5) Whic",1604541769923
typed in answer,"1) Trying to find out which wildlife causes the most damage. Medium size wildlife cause substantial damage.

2) Trying to find out which airport cause most wildlife attacks and the most repairs. It is Austin-Bergstrom Intl airport. 

3) Substantial damage is done during climb and take-off run phase. 

4) Which part of day causes the most damage. It is during the day.
5) Which",1604541770013
typed in answer,"1) Trying to find out which wildlife causes the most damage. Medium size wildlife cause substantial damage.

2) Trying to find out which airport cause most wildlife attacks and the most repairs. It is Austin-Bergstrom Intl airport. 

3) Substantial damage is done during climb and take-off run phase. 

4) Which part of day causes the most damage. It is during the day.
5) Which ",1604541770208
typed in answer,"1) Trying to find out which wildlife causes the most damage. Medium size wildlife cause substantial damage.

2) Trying to find out which airport cause most wildlife attacks and the most repairs. It is Austin-Bergstrom Intl airport. 

3) Substantial damage is done during climb and take-off run phase. 

4) Which part of day causes the most damage. It is during the day.
5) Which a",1604541770373
typed in answer,"1) Trying to find out which wildlife causes the most damage. Medium size wildlife cause substantial damage.

2) Trying to find out which airport cause most wildlife attacks and the most repairs. It is Austin-Bergstrom Intl airport. 

3) Substantial damage is done during climb and take-off run phase. 

4) Which part of day causes the most damage. It is during the day.
5) Which ai",1604541771229
typed in answer,"1) Trying to find out which wildlife causes the most damage. Medium size wildlife cause substantial damage.

2) Trying to find out which airport cause most wildlife attacks and the most repairs. It is Austin-Bergstrom Intl airport. 

3) Substantial damage is done during climb and take-off run phase. 

4) Which part of day causes the most damage. It is during the day.
5) Which air",1604541771438
typed in answer,"1) Trying to find out which wildlife causes the most damage. Medium size wildlife cause substantial damage.

2) Trying to find out which airport cause most wildlife attacks and the most repairs. It is Austin-Bergstrom Intl airport. 

3) Substantial damage is done during climb and take-off run phase. 

4) Which part of day causes the most damage. It is during the day.
5) Which airc",1604541772969
typed in answer,"1) Trying to find out which wildlife causes the most damage. Medium size wildlife cause substantial damage.

2) Trying to find out which airport cause most wildlife attacks and the most repairs. It is Austin-Bergstrom Intl airport. 

3) Substantial damage is done during climb and take-off run phase. 

4) Which part of day causes the most damage. It is during the day.
5) Which aircr",1604541773214
typed in answer,"1) Trying to find out which wildlife causes the most damage. Medium size wildlife cause substantial damage.

2) Trying to find out which airport cause most wildlife attacks and the most repairs. It is Austin-Bergstrom Intl airport. 

3) Substantial damage is done during climb and take-off run phase. 

4) Which part of day causes the most damage. It is during the day.
5) Which aircra",1604541773436
typed in answer,"1) Trying to find out which wildlife causes the most damage. Medium size wildlife cause substantial damage.

2) Trying to find out which airport cause most wildlife attacks and the most repairs. It is Austin-Bergstrom Intl airport. 

3) Substantial damage is done during climb and take-off run phase. 

4) Which part of day causes the most damage. It is during the day.
5) Which aircraf",1604541773706
typed in answer,"1) Trying to find out which wildlife causes the most damage. Medium size wildlife cause substantial damage.

2) Trying to find out which airport cause most wildlife attacks and the most repairs. It is Austin-Bergstrom Intl airport. 

3) Substantial damage is done during climb and take-off run phase. 

4) Which part of day causes the most damage. It is during the day.
5) Which aircraft",1604541773913
typed in answer,"1) Trying to find out which wildlife causes the most damage. Medium size wildlife cause substantial damage.

2) Trying to find out which airport cause most wildlife attacks and the most repairs. It is Austin-Bergstrom Intl airport. 

3) Substantial damage is done during climb and take-off run phase. 

4) Which part of day causes the most damage. It is during the day.
5) Which aircraft ",1604541774169
typed in answer,"1) Trying to find out which wildlife causes the most damage. Medium size wildlife cause substantial damage.

2) Trying to find out which airport cause most wildlife attacks and the most repairs. It is Austin-Bergstrom Intl airport. 

3) Substantial damage is done during climb and take-off run phase. 

4) Which part of day causes the most damage. It is during the day.
5) Which aircraft c",1604541776059
typed in answer,"1) Trying to find out which wildlife causes the most damage. Medium size wildlife cause substantial damage.

2) Trying to find out which airport cause most wildlife attacks and the most repairs. It is Austin-Bergstrom Intl airport. 

3) Substantial damage is done during climb and take-off run phase. 

4) Which part of day causes the most damage. It is during the day.
5) Which aircraft ",1604541776704
typed in answer,"1) Trying to find out which wildlife causes the most damage. Medium size wildlife cause substantial damage.

2) Trying to find out which airport cause most wildlife attacks and the most repairs. It is Austin-Bergstrom Intl airport. 

3) Substantial damage is done during climb and take-off run phase. 

4) Which part of day causes the most damage. It is during the day.
5) Which aircraft h",1604541777171
typed in answer,"1) Trying to find out which wildlife causes the most damage. Medium size wildlife cause substantial damage.

2) Trying to find out which airport cause most wildlife attacks and the most repairs. It is Austin-Bergstrom Intl airport. 

3) Substantial damage is done during climb and take-off run phase. 

4) Which part of day causes the most damage. It is during the day.
5) Which aircraft ha",1604541777335
typed in answer,"1) Trying to find out which wildlife causes the most damage. Medium size wildlife cause substantial damage.

2) Trying to find out which airport cause most wildlife attacks and the most repairs. It is Austin-Bergstrom Intl airport. 

3) Substantial damage is done during climb and take-off run phase. 

4) Which part of day causes the most damage. It is during the day.
5) Which aircraft has",1604541777426
typed in answer,"1) Trying to find out which wildlife causes the most damage. Medium size wildlife cause substantial damage.

2) Trying to find out which airport cause most wildlife attacks and the most repairs. It is Austin-Bergstrom Intl airport. 

3) Substantial damage is done during climb and take-off run phase. 

4) Which part of day causes the most damage. It is during the day.
5) Which aircraft has ",1604541777561
typed in answer,"1) Trying to find out which wildlife causes the most damage. Medium size wildlife cause substantial damage.

2) Trying to find out which airport cause most wildlife attacks and the most repairs. It is Austin-Bergstrom Intl airport. 

3) Substantial damage is done during climb and take-off run phase. 

4) Which part of day causes the most damage. It is during the day.
5) Which aircraft has m",1604541777756
typed in answer,"1) Trying to find out which wildlife causes the most damage. Medium size wildlife cause substantial damage.

2) Trying to find out which airport cause most wildlife attacks and the most repairs. It is Austin-Bergstrom Intl airport. 

3) Substantial damage is done during climb and take-off run phase. 

4) Which part of day causes the most damage. It is during the day.
5) Which aircraft has mo",1604541777891
typed in answer,"1) Trying to find out which wildlife causes the most damage. Medium size wildlife cause substantial damage.

2) Trying to find out which airport cause most wildlife attacks and the most repairs. It is Austin-Bergstrom Intl airport. 

3) Substantial damage is done during climb and take-off run phase. 

4) Which part of day causes the most damage. It is during the day.
5) Which aircraft has mos",1604541777949
typed in answer,"1) Trying to find out which wildlife causes the most damage. Medium size wildlife cause substantial damage.

2) Trying to find out which airport cause most wildlife attacks and the most repairs. It is Austin-Bergstrom Intl airport. 

3) Substantial damage is done during climb and take-off run phase. 

4) Which part of day causes the most damage. It is during the day.
5) Which aircraft has most",1604541778178
typed in answer,"1) Trying to find out which wildlife causes the most damage. Medium size wildlife cause substantial damage.

2) Trying to find out which airport cause most wildlife attacks and the most repairs. It is Austin-Bergstrom Intl airport. 

3) Substantial damage is done during climb and take-off run phase. 

4) Which part of day causes the most damage. It is during the day.
5) Which aircraft has most ",1604541778296
typed in answer,"1) Trying to find out which wildlife causes the most damage. Medium size wildlife cause substantial damage.

2) Trying to find out which airport cause most wildlife attacks and the most repairs. It is Austin-Bergstrom Intl airport. 

3) Substantial damage is done during climb and take-off run phase. 

4) Which part of day causes the most damage. It is during the day.
5) Which aircraft has most r",1604541778507
typed in answer,"1) Trying to find out which wildlife causes the most damage. Medium size wildlife cause substantial damage.

2) Trying to find out which airport cause most wildlife attacks and the most repairs. It is Austin-Bergstrom Intl airport. 

3) Substantial damage is done during climb and take-off run phase. 

4) Which part of day causes the most damage. It is during the day.
5) Which aircraft has most re",1604541778613
typed in answer,"1) Trying to find out which wildlife causes the most damage. Medium size wildlife cause substantial damage.

2) Trying to find out which airport cause most wildlife attacks and the most repairs. It is Austin-Bergstrom Intl airport. 

3) Substantial damage is done during climb and take-off run phase. 

4) Which part of day causes the most damage. It is during the day.
5) Which aircraft has most rep",1604541778836
typed in answer,"1) Trying to find out which wildlife causes the most damage. Medium size wildlife cause substantial damage.

2) Trying to find out which airport cause most wildlife attacks and the most repairs. It is Austin-Bergstrom Intl airport. 

3) Substantial damage is done during climb and take-off run phase. 

4) Which part of day causes the most damage. It is during the day.
5) Which aircraft has most repa",1604541778972
typed in answer,"1) Trying to find out which wildlife causes the most damage. Medium size wildlife cause substantial damage.

2) Trying to find out which airport cause most wildlife attacks and the most repairs. It is Austin-Bergstrom Intl airport. 

3) Substantial damage is done during climb and take-off run phase. 

4) Which part of day causes the most damage. It is during the day.
5) Which aircraft has most repai",1604541779106
typed in answer,"1) Trying to find out which wildlife causes the most damage. Medium size wildlife cause substantial damage.

2) Trying to find out which airport cause most wildlife attacks and the most repairs. It is Austin-Bergstrom Intl airport. 

3) Substantial damage is done during climb and take-off run phase. 

4) Which part of day causes the most damage. It is during the day.
5) Which aircraft has most repair",1604541779225
typed in answer,"1) Trying to find out which wildlife causes the most damage. Medium size wildlife cause substantial damage.

2) Trying to find out which airport cause most wildlife attacks and the most repairs. It is Austin-Bergstrom Intl airport. 

3) Substantial damage is done during climb and take-off run phase. 

4) Which part of day causes the most damage. It is during the day.
5) Which aircraft has most repairi",1604541779361
typed in answer,"1) Trying to find out which wildlife causes the most damage. Medium size wildlife cause substantial damage.

2) Trying to find out which airport cause most wildlife attacks and the most repairs. It is Austin-Bergstrom Intl airport. 

3) Substantial damage is done during climb and take-off run phase. 

4) Which part of day causes the most damage. It is during the day.
5) Which aircraft has most repairin",1604541779451
typed in answer,"1) Trying to find out which wildlife causes the most damage. Medium size wildlife cause substantial damage.

2) Trying to find out which airport cause most wildlife attacks and the most repairs. It is Austin-Bergstrom Intl airport. 

3) Substantial damage is done during climb and take-off run phase. 

4) Which part of day causes the most damage. It is during the day.
5) Which aircraft has most repairing",1604541779587
typed in answer,"1) Trying to find out which wildlife causes the most damage. Medium size wildlife cause substantial damage.

2) Trying to find out which airport cause most wildlife attacks and the most repairs. It is Austin-Bergstrom Intl airport. 

3) Substantial damage is done during climb and take-off run phase. 

4) Which part of day causes the most damage. It is during the day.
5) Which aircraft has most repairing ",1604541779676
typed in answer,"1) Trying to find out which wildlife causes the most damage. Medium size wildlife cause substantial damage.

2) Trying to find out which airport cause most wildlife attacks and the most repairs. It is Austin-Bergstrom Intl airport. 

3) Substantial damage is done during climb and take-off run phase. 

4) Which part of day causes the most damage. It is during the day.
5) Which aircraft has most repairing c",1604541780698
typed in answer,"1) Trying to find out which wildlife causes the most damage. Medium size wildlife cause substantial damage.

2) Trying to find out which airport cause most wildlife attacks and the most repairs. It is Austin-Bergstrom Intl airport. 

3) Substantial damage is done during climb and take-off run phase. 

4) Which part of day causes the most damage. It is during the day.
5) Which aircraft has most repairing co",1604541780816
typed in answer,"1) Trying to find out which wildlife causes the most damage. Medium size wildlife cause substantial damage.

2) Trying to find out which airport cause most wildlife attacks and the most repairs. It is Austin-Bergstrom Intl airport. 

3) Substantial damage is done during climb and take-off run phase. 

4) Which part of day causes the most damage. It is during the day.
5) Which aircraft has most repairing cos",1604541780921
typed in answer,"1) Trying to find out which wildlife causes the most damage. Medium size wildlife cause substantial damage.

2) Trying to find out which airport cause most wildlife attacks and the most repairs. It is Austin-Bergstrom Intl airport. 

3) Substantial damage is done during climb and take-off run phase. 

4) Which part of day causes the most damage. It is during the day.
5) Which aircraft has most repairing cost",1604541781162
typed in answer,"1) Trying to find out which wildlife causes the most damage. Medium size wildlife cause substantial damage.

2) Trying to find out which airport cause most wildlife attacks and the most repairs. It is Austin-Bergstrom Intl airport. 

3) Substantial damage is done during climb and take-off run phase. 

4) Which part of day causes the most damage. It is during the day.
5) Which aircraft has most repairing cost.",1604541781251
typed in answer,"1) Trying to find out which wildlife causes the most damage. Medium size wildlife cause substantial damage.

2) Trying to find out which airport cause most wildlife attacks and the most repairs. It is Austin-Bergstrom Intl airport. 

3) Substantial damage is done during climb and take-off run phase. 

4) Which part of day causes the most damage. It is during the day.
5) Which aircraft has most repairing cost. ",1604541782676
typed in answer,"1) Trying to find out which wildlife causes the most damage. Medium size wildlife cause substantial damage.

2) Trying to find out which airport cause most wildlife attacks and the most repairs. It is Austin-Bergstrom Intl airport. 

3) Substantial damage is done during climb and take-off run phase. 

4) Which part of day causes the most damage. It is during the day.
5) Which aircraft has most repairing cost. I",1604541783309
typed in answer,"1) Trying to find out which wildlife causes the most damage. Medium size wildlife cause substantial damage.

2) Trying to find out which airport cause most wildlife attacks and the most repairs. It is Austin-Bergstrom Intl airport. 

3) Substantial damage is done during climb and take-off run phase. 

4) Which part of day causes the most damage. It is during the day.
5) Which aircraft has most repairing cost. It",1604541783441
typed in answer,"1) Trying to find out which wildlife causes the most damage. Medium size wildlife cause substantial damage.

2) Trying to find out which airport cause most wildlife attacks and the most repairs. It is Austin-Bergstrom Intl airport. 

3) Substantial damage is done during climb and take-off run phase. 

4) Which part of day causes the most damage. It is during the day.
5) Which aircraft has most repairing cost. It ",1604541783561
typed in answer,"1) Trying to find out which wildlife causes the most damage. Medium size wildlife cause substantial damage.

2) Trying to find out which airport cause most wildlife attacks and the most repairs. It is Austin-Bergstrom Intl airport. 

3) Substantial damage is done during climb and take-off run phase. 

4) Which part of day causes the most damage. It is during the day.
5) Which aircraft has most repairing cost. It i",1604541783713
typed in answer,"1) Trying to find out which wildlife causes the most damage. Medium size wildlife cause substantial damage.

2) Trying to find out which airport cause most wildlife attacks and the most repairs. It is Austin-Bergstrom Intl airport. 

3) Substantial damage is done during climb and take-off run phase. 

4) Which part of day causes the most damage. It is during the day.
5) Which aircraft has most repairing cost. It is",1604541783861
typed in answer,"1) Trying to find out which wildlife causes the most damage. Medium size wildlife cause substantial damage.

2) Trying to find out which airport cause most wildlife attacks and the most repairs. It is Austin-Bergstrom Intl airport. 

3) Substantial damage is done during climb and take-off run phase. 

4) Which part of day causes the most damage. It is during the day.
5) Which aircraft has most repairing cost. It is ",1604541783936
mouseover on the specified chart,"mark:tick;encoding:Aircraft_Make_Model-nominal-y,Cost_Repair-quantitative-x",1604541785174
mouseout on the specified chart,"mark:tick;encoding:Aircraft_Make_Model-nominal-y,Cost_Repair-quantitative-x",1604541786309
typed in answer,"1) Trying to find out which wildlife causes the most damage. Medium size wildlife cause substantial damage.

2) Trying to find out which airport cause most wildlife attacks and the most repairs. It is Austin-Bergstrom Intl airport. 

3) Substantial damage is done during climb and take-off run phase. 

4) Which part of day causes the most damage. It is during the day.
5) Which aircraft has most repairing cost. It is A",1604541787642
typed in answer,"1) Trying to find out which wildlife causes the most damage. Medium size wildlife cause substantial damage.

2) Trying to find out which airport cause most wildlife attacks and the most repairs. It is Austin-Bergstrom Intl airport. 

3) Substantial damage is done during climb and take-off run phase. 

4) Which part of day causes the most damage. It is during the day.
5) Which aircraft has most repairing cost. It is A-",1604541787911
typed in answer,"1) Trying to find out which wildlife causes the most damage. Medium size wildlife cause substantial damage.

2) Trying to find out which airport cause most wildlife attacks and the most repairs. It is Austin-Bergstrom Intl airport. 

3) Substantial damage is done during climb and take-off run phase. 

4) Which part of day causes the most damage. It is during the day.
5) Which aircraft has most repairing cost. It is A-3",1604541788179
typed in answer,"1) Trying to find out which wildlife causes the most damage. Medium size wildlife cause substantial damage.

2) Trying to find out which airport cause most wildlife attacks and the most repairs. It is Austin-Bergstrom Intl airport. 

3) Substantial damage is done during climb and take-off run phase. 

4) Which part of day causes the most damage. It is during the day.
5) Which aircraft has most repairing cost. It is A-30",1604541788407
typed in answer,"1) Trying to find out which wildlife causes the most damage. Medium size wildlife cause substantial damage.

2) Trying to find out which airport cause most wildlife attacks and the most repairs. It is Austin-Bergstrom Intl airport. 

3) Substantial damage is done during climb and take-off run phase. 

4) Which part of day causes the most damage. It is during the day.
5) Which aircraft has most repairing cost. It is A-300",1604541788526
typed in answer,"1) Trying to find out which wildlife causes the most damage. Medium size wildlife cause substantial damage.

2) Trying to find out which airport cause most wildlife attacks and the most repairs. It is Austin-Bergstrom Intl airport. 

3) Substantial damage is done during climb and take-off run phase. 

4) Which part of day causes the most damage. It is during the day.
5) Which aircraft has most repairing cost. It is A-300.",1604541788751
typed in answer,"1) Trying to find out which wildlife causes the most damage. Medium size wildlife cause substantial damage.

2) Trying to find out which airport cause most wildlife attacks and the most repairs. It is Austin-Bergstrom Intl airport. 

3) Substantial damage is done during climb and take-off run phase. 

4) Which part of day causes the most damage. It is during the day.
5) Which aircraft has most repairing cost. It is A-300. ",1604541789004
opened window,check bookmarks,1604541790912
closed window,bookmark popup,1604541792786
changed ptask ans of confidence-udata,agree,1604541795745
changed ptask ans of confidence-ans,agree,1604541797173
changed ptask ans of efficiency,sagree,1604541798850
changed ptask ans of ease-of-use,agree,1604541800941
changed ptask ans of utility,agree,1604541802663
changed ptask ans of overall,agree,1604541804350
hit the submit button,,1604541807545
submitted successfully,,1604541807545
